# Pressure [bara]	Lifetime [s]	Lifetime Error [s]	Exponential Fit 2xNLL	N.d.o.f.	Time Cut High [s]	Time Cut Low [s]
2.250000000000000000e+00 1.993308034422513941e+01 3.372062640814863954e+00 4.502886191196953547e+00 9.000000000000000000e+00 1.800000000000000000e+02 0.000000000000000000e+00
2.500000000000000000e+00 1.414893455636486053e+01 1.968670573908623211e+00 1.910329424155016831e+00 9.000000000000000000e+00 1.800000000000000000e+02 0.000000000000000000e+00
3.000000000000000000e+00 2.285143072586286195e+01 8.463492861430665926e-01 2.266267728711565965e+01 9.000000000000000000e+00 1.800000000000000000e+02 0.000000000000000000e+00
3.250000000000000000e+00 6.930057769191257933e+00 3.808410125411411773e+00 2.102827431967554395e-01 9.000000000000000000e+00 1.800000000000000000e+02 0.000000000000000000e+00
3.500000000000000000e+00 2.111810983883237114e+01 1.078101703483937968e+00 3.917496742051051584e+00 9.000000000000000000e+00 1.800000000000000000e+02 0.000000000000000000e+00
3.750000000000000000e+00 6.930037707125160651e+00 4.724079758310544719e+00 1.051413716035877854e+00 9.000000000000000000e+00 1.800000000000000000e+02 0.000000000000000000e+00
4.000000000000000000e+00 2.151913864060106718e+01 9.262492107566018262e-01 6.533885864850582870e+00 9.000000000000000000e+00 1.800000000000000000e+02 0.000000000000000000e+00
4.250000000000000000e+00 6.930057769191257933e+00 3.808410125411411773e+00 2.102827431967554395e-01 9.000000000000000000e+00 1.800000000000000000e+02 0.000000000000000000e+00
4.500000000000000000e+00 1.963167665584560950e+01 2.731534589752293130e+00 5.888641673329061632e+00 9.000000000000000000e+00 1.800000000000000000e+02 0.000000000000000000e+00
5.000000000000000000e+00 6.930057769191257933e+00 3.808410125411411773e+00 2.102827431967554395e-01 9.000000000000000000e+00 1.800000000000000000e+02 0.000000000000000000e+00
