# Pressure [bara]	Lifetime [s]	Lifetime Error [s]	Exponential Fit 2xNLL	N.d.o.f.	Time Cut High [s]	Time Cut Low [s]
2.250000000000000000e+00 2.435007088306101153e+01 2.071827852913099122e+00 1.562751947553082310e+01 9.000000000000000000e+00 1.800000000000000000e+02 0.000000000000000000e+00
2.500000000000000000e+00 2.718548240228970769e+01 7.918894273339645906e+00 6.311992200738684389e+00 9.000000000000000000e+00 1.800000000000000000e+02 0.000000000000000000e+00
2.750000000000000000e+00 6.929999871454570304e+00 2.518108061399408903e+00 8.411309730762894787e-01 9.000000000000000000e+00 1.800000000000000000e+02 0.000000000000000000e+00
3.000000000000000000e+00 2.801290906409465009e+01 5.692312852864077399e+00 6.631943072368044589e+00 9.000000000000000000e+00 1.800000000000000000e+02 0.000000000000000000e+00
3.250000000000000000e+00 6.930057769191257933e+00 3.808410125411411773e+00 2.102827431967554395e-01 9.000000000000000000e+00 1.800000000000000000e+02 0.000000000000000000e+00
3.500000000000000000e+00 2.758879108375758804e+01 2.678791526651135513e+00 4.888824155639571956e+00 9.000000000000000000e+00 1.800000000000000000e+02 0.000000000000000000e+00
3.750000000000000000e+00 6.930054048988952609e+00 4.169131615057417584e+00 1.261696459185093211e+00 9.000000000000000000e+00 1.800000000000000000e+02 0.000000000000000000e+00
4.000000000000000000e+00 3.071559670128159425e+01 2.736424530945008371e+00 2.794927266571208158e+00 9.000000000000000000e+00 1.800000000000000000e+02 0.000000000000000000e+00
4.250000000000000000e+00 6.930059748972903222e+00 3.142459525810535670e+00 4.205654863931376219e-01 9.000000000000000000e+00 1.800000000000000000e+02 0.000000000000000000e+00
4.500000000000000000e+00 2.700246347893236987e+01 2.351565888555672501e+00 3.106423116759462921e+00 9.000000000000000000e+00 1.800000000000000000e+02 0.000000000000000000e+00
4.750000000000000000e+00 6.930057769191257933e+00 3.808410125411411773e+00 2.102827431967554395e-01 9.000000000000000000e+00 1.800000000000000000e+02 0.000000000000000000e+00
