# Pressure [bara]	Lifetime [s]	Lifetime Error [s]	Exponential Fit 2xNLL	N.d.o.f.	Time Cut High [s]	Time Cut Low [s]
2.250000000000000000e+00 2.518748440062525873e+01 2.849034772042696062e+00 1.448819815604957739e+01 2.000000000000000000e+01 4.000000000000000000e+01 0.000000000000000000e+00
2.500000000000000000e+00 1.968120247352927521e+01 3.290050863943331905e+00 1.940709741389504117e+01 2.000000000000000000e+01 4.000000000000000000e+01 0.000000000000000000e+00
2.750000000000000000e+00 6.930060070294696839e-01 2.518129935452427803e-01 8.411309728281688436e-01 2.000000000000000000e+01 4.000000000000000000e+01 0.000000000000000000e+00
3.000000000000000000e+00 2.065221669864013165e+01 4.940820611586577371e+00 2.669836414171458472e+01 2.000000000000000000e+01 4.000000000000000000e+01 0.000000000000000000e+00
3.250000000000000000e+00 6.930062638327419977e-01 3.808412801242996304e-01 2.102827432070575320e-01 2.000000000000000000e+01 4.000000000000000000e+01 0.000000000000000000e+00
3.500000000000000000e+00 2.978962988568742531e+01 4.323820153578253667e+00 2.697917088999410140e+01 2.000000000000000000e+01 4.000000000000000000e+01 0.000000000000000000e+00
3.750000000000000000e+00 6.930061238404796597e-01 4.169135940221504466e-01 1.261696459242105828e+00 2.000000000000000000e+01 4.000000000000000000e+01 0.000000000000000000e+00
4.000000000000000000e+00 3.538431048604008566e+01 1.703689023401929603e+01 1.494134885972590965e+01 2.000000000000000000e+01 4.000000000000000000e+01 0.000000000000000000e+00
4.250000000000000000e+00 6.930058194066769373e-01 3.142458820732979552e-01 4.205654864143848481e-01 2.000000000000000000e+01 4.000000000000000000e+01 0.000000000000000000e+00
4.500000000000000000e+00 3.890137185703711253e+01 2.044366388883332064e+01 2.016659130994317195e+01 2.000000000000000000e+01 4.000000000000000000e+01 0.000000000000000000e+00
4.750000000000000000e+00 6.930062638327419977e-01 3.808412801242996304e-01 2.102827432070575320e-01 2.000000000000000000e+01 4.000000000000000000e+01 0.000000000000000000e+00
