# Pressure [bara]	Lifetime [s]	Lifetime Error [s]	Exponential Fit 2xNLL	N.d.o.f.	Time Cut High [s]	Time Cut Low [s]
2.250000000000000000e+00 3.369694923824491184e+01 2.897465404970208169e+01 1.044122673472732288e+01 2.000000000000000000e+01 4.000000000000000000e+01 0.000000000000000000e+00
2.500000000000000000e+00 1.491775806509569691e+01 4.196086102394286144e+00 2.313654549585282538e+01 2.000000000000000000e+01 4.000000000000000000e+01 0.000000000000000000e+00
3.000000000000000000e+00 4.096606171606343594e+01 1.390139631806356846e+01 2.768088468625341392e+01 2.000000000000000000e+01 4.000000000000000000e+01 0.000000000000000000e+00
3.250000000000000000e+00 6.930062638327419977e-01 3.808412801242996304e-01 2.102827432070575320e-01 2.000000000000000000e+01 4.000000000000000000e+01 0.000000000000000000e+00
3.500000000000000000e+00 2.235113979464210132e+01 8.613802623560772531e+00 2.216626183550825147e+01 2.000000000000000000e+01 4.000000000000000000e+01 0.000000000000000000e+00
3.750000000000000000e+00 6.930063085253879152e-01 4.724097058116007997e-01 1.051413716035428880e+00 2.000000000000000000e+01 4.000000000000000000e+01 0.000000000000000000e+00
4.000000000000000000e+00 2.467110214101737853e+01 9.557273802376101912e+00 2.255800274981098852e+01 2.000000000000000000e+01 4.000000000000000000e+01 0.000000000000000000e+00
4.250000000000000000e+00 6.930062638327419977e-01 3.808412801242996304e-01 2.102827432070575320e-01 2.000000000000000000e+01 4.000000000000000000e+01 0.000000000000000000e+00
4.500000000000000000e+00 2.754363915440950095e+01 1.304118250253823774e+01 1.860028182813072917e+01 2.000000000000000000e+01 4.000000000000000000e+01 0.000000000000000000e+00
5.000000000000000000e+00 6.930062638327419977e-01 3.808412801242996304e-01 2.102827432070575320e-01 2.000000000000000000e+01 4.000000000000000000e+01 0.000000000000000000e+00
