# Pressure [bara]	Lifetime [s]	Lifetime Error [s]	Exponential Fit 2xNLL	N.d.o.f.	Time Cut High [s]	Time Cut Low [s]	N events	Seitz Threshold [keV]	Eion [keV]	rion [nm]	pho_l [g/cc]
1.500000000000000000e+00 6.930052734190357278e-01 3.808407358428935185e-01 2.102827432084005688e-01 2.000000000000000000e+01 4.000000000000000000e+01 0.000000000000000000e+00 1.000000000000000000e+00 4.598182881878970507e-01 2.668860430715899734e-01 3.795139271371309242e+00 1.157230608217096668e+00
1.750000000000000000e+00 6.930052734190357278e-01 3.808407358428935185e-01 2.102827432084005688e-01 2.000000000000000000e+01 4.000000000000000000e+01 0.000000000000000000e+00 1.000000000000000000e+00 4.883246093918477415e-01 2.808398805493996231e-01 3.890553311409824300e+00 1.157456354013729927e+00
2.000000000000000000e+00 1.022789777895945162e+00 5.600260345436256504e-01 4.641240808333186862e-01 2.000000000000000000e+01 4.000000000000000000e+01 0.000000000000000000e+00 7.000000000000000000e+00 5.194761325266749052e-01 2.959324104514337028e-01 3.990805968328722919e+00 1.157681663422976071e+00
2.250000000000000000e+00 6.930052734190357278e-01 3.808407358428935185e-01 2.102827432084005688e-01 2.000000000000000000e+01 4.000000000000000000e+01 0.000000000000000000e+00 1.000000000000000000e+00 5.536006740173549101e-01 3.122910100862682503e-01 4.096274684550349043e+00 1.157906538597808455e+00
2.500000000000000000e+00 6.930052734190357278e-01 3.808407358428935185e-01 2.102827432084005688e-01 2.000000000000000000e+01 4.000000000000000000e+01 0.000000000000000000e+00 1.000000000000000000e+00 5.910772395808175927e-01 3.300613415958662533e-01 4.207377220500477577e+00 1.158130981673711979e+00
2.750000000000000000e+00 6.930052734190357278e-01 3.808407358428935185e-01 2.102827432084005688e-01 2.000000000000000000e+01 4.000000000000000000e+01 0.000000000000000000e+00 1.000000000000000000e+00 6.323457330769909346e-01 3.494105816133949438e-01 4.324577170411860294e+00 1.158354994768885149e+00
3.000000000000000000e+00 2.099333229204294771e+00 9.897757266819047217e-01 2.930338981308060031e+00 2.000000000000000000e+01 4.000000000000000000e+01 0.000000000000000000e+00 8.000000000000000000e+00 6.779188629558312584e-01 3.705313420448321793e-01 4.448390440348896746e+00 1.158578579984435253e+00
3.250000000000000000e+00 6.930052734189154906e-01 6.888430795845675858e-01 6.308482296252024835e-01 2.000000000000000000e+01 4.000000000000000000e+01 0.000000000000000000e+00 3.000000000000000000e+00 7.283967842972638440e-01 3.936464328716092198e-01 4.579392796707911550e+00 1.158801739404569320e+00
3.500000000000000000e+00 6.930052734190357278e-01 3.142456344933164947e-01 4.205654864168011375e-01 2.000000000000000000e+01 4.000000000000000000e+01 0.000000000000000000e+00 2.000000000000000000e+00 7.844852772759595139e-01 4.190147164076383213e-01 4.718228845286406070e+00 1.159024475096785967e+00
3.750000000000000000e+00 6.930052734189154906e-01 6.888430795845675858e-01 6.308482296252024835e-01 2.000000000000000000e+01 4.000000000000000000e+01 0.000000000000000000e+00 3.000000000000000000e+00 8.470184148134063395e-01 4.469383225698992379e-01 4.865622665924016488e+00 1.159246789112062137e+00
4.000000000000000000e+00 5.104954560260742014e+00 1.783412554085083812e+00 6.975384446356022394e+00 2.000000000000000000e+01 4.000000000000000000e+01 0.000000000000000000e+00 1.300000000000000000e+01 9.169869609564831325e-01 4.777715709002781641e-01 5.022390369908474206e+00 1.159468683485036067e+00
4.500000000000000000e+00 6.930052734190357278e-01 3.142456344933164947e-01 4.205654864168011375e-01 2.000000000000000000e+01 4.000000000000000000e+01 0.000000000000000000e+00 2.000000000000000000e+00 1.084202336206221640e+00 5.499151294760328268e-01 5.367866018282687612e+00 1.159911221362039946e+00
4.750000000000000000e+00 6.930052734190357278e-01 3.808407358428935185e-01 2.102827432084005688e-01 2.000000000000000000e+01 4.000000000000000000e+01 0.000000000000000000e+00 1.000000000000000000e+00 1.184589928230490807e+00 5.923107966721862239e-01 5.558818717959423061e+00 1.160131868855283521e+00
5.000000000000000000e+00 9.593442734533180527e+00 2.410364490858687425e+00 1.347158358409854095e+01 2.000000000000000000e+01 4.000000000000000000e+01 0.000000000000000000e+00 1.400000000000000000e+01 1.298829194074205606e+00 6.398273366751998648e-01 5.763683680734500214e+00 1.160352104685009600e+00
