# Pressure [bara]	Lifetime [s]	Lifetime Error [s]	N quality events	N Bulk	Bulk Fraction	Bulk Fraction Error	Bulk Lifetime [s]	Bulk Lifetime Error [s]	N Wall	Wall Fraction	Wall Fraction Error	Wall Lifetime [s]	Wall Lifetime Error [s]	N Dome	Dome Fraction	Dome Fraction Error	Dome Lifetime [s]	Dome Lifetime Error [s]	N Bottom	Bottom Fraction	Bottom Fraction Error	Bottom Lifetime [s]	Bottom Lifetime Error [s]
1.500000000000000000e+00 6.930052734190357278e-01 3.808407358428935185e-01 1.000000000000000000e+00 0.000000000000000000e+00 0.000000000000000000e+00 2.500000000000000000e-01 inf inf 0.000000000000000000e+00 0.000000000000000000e+00 2.500000000000000000e-01 inf inf 1.000000000000000000e+00 1.000000000000000000e+00 2.500000000000000000e-01 6.930052734190357278e-01 4.183965647433289803e-01 0.000000000000000000e+00 0.000000000000000000e+00 2.500000000000000000e-01 inf inf
1.750000000000000000e+00 6.930052734190357278e-01 3.808407358428935185e-01 1.000000000000000000e+00 0.000000000000000000e+00 0.000000000000000000e+00 2.500000000000000000e-01 inf inf 0.000000000000000000e+00 0.000000000000000000e+00 2.500000000000000000e-01 inf inf 1.000000000000000000e+00 1.000000000000000000e+00 2.500000000000000000e-01 6.930052734190357278e-01 4.183965647433289803e-01 0.000000000000000000e+00 0.000000000000000000e+00 2.500000000000000000e-01 inf inf
2.000000000000000000e+00 1.022789777895945162e+00 5.600260345436256504e-01 7.000000000000000000e+00 1.000000000000000000e+00 1.428571428571428492e-01 1.315260702022878203e-01 7.159528445271616803e+00 7.669270585254903239e+00 0.000000000000000000e+00 0.000000000000000000e+00 6.250000000000000000e-02 inf inf 6.000000000000000000e+00 8.571428571428570953e-01 1.315260702022878203e-01 1.193254740878602727e+00 6.785353914774110429e-01 0.000000000000000000e+00 0.000000000000000000e+00 6.250000000000000000e-02 inf inf
2.250000000000000000e+00 6.930052734190357278e-01 3.808407358428935185e-01 1.000000000000000000e+00 0.000000000000000000e+00 0.000000000000000000e+00 2.500000000000000000e-01 inf inf 0.000000000000000000e+00 0.000000000000000000e+00 2.500000000000000000e-01 inf inf 1.000000000000000000e+00 1.000000000000000000e+00 2.500000000000000000e-01 6.930052734190357278e-01 4.183965647433289803e-01 0.000000000000000000e+00 0.000000000000000000e+00 2.500000000000000000e-01 inf inf
2.500000000000000000e+00 6.930052734190357278e-01 3.808407358428935185e-01 0.000000000000000000e+00 0.000000000000000000e+00 nan nan nan nan 0.000000000000000000e+00 nan nan nan nan 0.000000000000000000e+00 nan nan nan nan 0.000000000000000000e+00 nan nan nan nan
2.750000000000000000e+00 6.930052734190357278e-01 3.808407358428935185e-01 1.000000000000000000e+00 1.000000000000000000e+00 1.000000000000000000e+00 2.500000000000000000e-01 6.930052734190357278e-01 4.183965647433289803e-01 0.000000000000000000e+00 0.000000000000000000e+00 2.500000000000000000e-01 inf inf 0.000000000000000000e+00 0.000000000000000000e+00 2.500000000000000000e-01 inf inf 0.000000000000000000e+00 0.000000000000000000e+00 2.500000000000000000e-01 inf inf
3.000000000000000000e+00 2.099333229204294771e+00 9.897757266819047217e-01 8.000000000000000000e+00 0.000000000000000000e+00 0.000000000000000000e+00 5.555555555555555247e-02 inf inf 0.000000000000000000e+00 0.000000000000000000e+00 5.555555555555555247e-02 inf inf 6.000000000000000000e+00 7.500000000000000000e-01 1.469861839480328114e-01 2.799110972272393028e+00 1.429176086421567016e+00 2.000000000000000000e+00 2.500000000000000000e-01 1.469861839480328114e-01 8.397332916817179083e+00 6.328516457864981071e+00
3.250000000000000000e+00 6.930052734189154906e-01 6.888430795845675858e-01 3.000000000000000000e+00 2.000000000000000000e+00 6.666666666666666297e-01 2.393567769390845257e-01 1.039507910128373291e+00 1.098603141846100195e+00 0.000000000000000000e+00 0.000000000000000000e+00 1.250000000000000000e-01 inf inf 1.000000000000000000e+00 3.333333333333333148e-01 2.393567769390845257e-01 2.079015820256746583e+00 2.549359238811605977e+00 0.000000000000000000e+00 0.000000000000000000e+00 1.250000000000000000e-01 inf inf
3.500000000000000000e+00 6.930052734190357278e-01 3.142456344933164947e-01 2.000000000000000000e+00 1.000000000000000000e+00 5.000000000000000000e-01 2.886751345948128655e-01 1.386010546838071456e+00 1.017518068885209015e+00 0.000000000000000000e+00 0.000000000000000000e+00 1.666666666666666574e-01 inf inf 1.000000000000000000e+00 5.000000000000000000e-01 2.886751345948128655e-01 1.386010546838071456e+00 1.017518068885209015e+00 0.000000000000000000e+00 0.000000000000000000e+00 1.666666666666666574e-01 inf inf
3.750000000000000000e+00 6.930052734189154906e-01 6.888430795845675858e-01 3.000000000000000000e+00 1.000000000000000000e+00 3.333333333333333148e-01 2.393567769390845257e-01 2.079015820256746583e+00 2.549359238811605977e+00 0.000000000000000000e+00 0.000000000000000000e+00 1.250000000000000000e-01 inf inf 2.000000000000000000e+00 6.666666666666666297e-01 2.393567769390845257e-01 1.039507910128373291e+00 1.098603141846100195e+00 0.000000000000000000e+00 0.000000000000000000e+00 1.250000000000000000e-01 inf inf
4.000000000000000000e+00 5.104954560260742014e+00 1.783412554085083812e+00 1.300000000000000000e+01 5.000000000000000000e+00 3.846153846153846367e-01 1.302846780371360036e-01 1.327288185667792852e+01 6.458724865139144455e+00 0.000000000000000000e+00 0.000000000000000000e+00 3.571428571428571924e-02 inf inf 8.000000000000000000e+00 6.153846153846154188e-01 1.302846780371360036e-01 8.295551160423705994e+00 3.388681308179853691e+00 0.000000000000000000e+00 0.000000000000000000e+00 3.571428571428571924e-02 inf inf
4.500000000000000000e+00 6.930052734190357278e-01 3.142456344933164947e-01 2.000000000000000000e+00 0.000000000000000000e+00 0.000000000000000000e+00 1.666666666666666574e-01 inf inf 0.000000000000000000e+00 0.000000000000000000e+00 1.666666666666666574e-01 inf inf 2.000000000000000000e+00 1.000000000000000000e+00 1.666666666666666574e-01 6.930052734190357278e-01 3.347995995002269742e-01 0.000000000000000000e+00 0.000000000000000000e+00 1.666666666666666574e-01 inf inf
4.750000000000000000e+00 6.930052734190357278e-01 3.808407358428935185e-01 1.000000000000000000e+00 0.000000000000000000e+00 0.000000000000000000e+00 2.500000000000000000e-01 inf inf 0.000000000000000000e+00 0.000000000000000000e+00 2.500000000000000000e-01 inf inf 1.000000000000000000e+00 1.000000000000000000e+00 2.500000000000000000e-01 6.930052734190357278e-01 4.183965647433289803e-01 0.000000000000000000e+00 0.000000000000000000e+00 2.500000000000000000e-01 inf inf
5.000000000000000000e+00 9.593442734533180527e+00 2.410364490858687425e+00 1.400000000000000000e+01 4.000000000000000000e+00 2.857142857142856984e-01 1.175139302786006174e-01 3.357704957086613717e+01 1.618308798145929472e+01 0.000000000000000000e+00 0.000000000000000000e+00 3.333333333333333287e-02 inf inf 8.000000000000000000e+00 5.714285714285713969e-01 1.278640150675957321e-01 1.678852478543306859e+01 5.648450093145088502e+00 2.000000000000000000e+00 1.428571428571428492e-01 9.343531843023135386e-02 6.715409914173227435e+01 4.705125821799415320e+01
