# Pressure [bara]	Lifetime [s]	Lifetime Error [s]	Exponential Fit 2xNLL	N.d.o.f.	Time Cut High [s]	Time Cut Low [s]
2.000000000000000000e+00 2.207088792787770259e+01 1.745345491794129344e+00 1.287003211606923969e+01 9.000000000000000000e+00 1.800000000000000000e+02 0.000000000000000000e+00
2.250000000000000000e+00 3.670605664262748036e+01 4.776563927469084092e-01 2.085110326156841509e+01 9.000000000000000000e+00 1.800000000000000000e+02 0.000000000000000000e+00
2.500000000000000000e+00 3.035847527289412184e+01 1.853720712358899902e+00 2.174491486271129759e+01 9.000000000000000000e+00 1.800000000000000000e+02 0.000000000000000000e+00
2.750000000000000000e+00 2.318973326458142026e+00 2.314330737215983369e+00 7.222453151786963413e-04 9.000000000000000000e+00 1.800000000000000000e+02 0.000000000000000000e+00
3.000000000000000000e+00 3.375047438439631264e+01 2.331113846369710529e+00 1.370093185628154231e+01 9.000000000000000000e+00 1.800000000000000000e+02 0.000000000000000000e+00
3.250000000000000000e+00 2.318972642032129716e+00 2.314330054160193662e+00 2.527858602479639977e-03 9.000000000000000000e+00 1.800000000000000000e+02 0.000000000000000000e+00
3.500000000000000000e+00 6.180527185579452976e+01 2.468498845892094096e+01 1.190144916908375450e+01 9.000000000000000000e+00 1.800000000000000000e+02 0.000000000000000000e+00
3.750000000000000000e+00 2.318972481102522742e+00 2.314329893552768080e+00 1.444490630039743997e-03 9.000000000000000000e+00 1.800000000000000000e+02 0.000000000000000000e+00
4.000000000000000000e+00 4.700796598531266568e+01 1.082265483145334883e+00 2.028897853209807067e+01 9.000000000000000000e+00 1.800000000000000000e+02 0.000000000000000000e+00
4.250000000000000000e+00 2.318972768234057291e+00 2.314330180109464674e+00 3.611226574966406450e-03 9.000000000000000000e+00 1.800000000000000000e+02 0.000000000000000000e+00
4.500000000000000000e+00 5.754490012883163530e+01 7.891542860510433854e+00 1.226890289988731020e+01 9.000000000000000000e+00 1.800000000000000000e+02 0.000000000000000000e+00
4.750000000000000000e+00 2.318972521270576070e+00 2.314329933640404846e+00 1.083367972516766781e-03 9.000000000000000000e+00 1.800000000000000000e+02 0.000000000000000000e+00
5.000000000000000000e+00 5.585098703114997676e+01 4.640272195781228959e+00 9.828269436811211790e+00 9.000000000000000000e+00 1.800000000000000000e+02 0.000000000000000000e+00
5.500000000000000000e+00 2.318971366461739514e+00 2.314328781143497604e+00 3.611226579545902954e-04 9.000000000000000000e+00 1.800000000000000000e+02 0.000000000000000000e+00
5.750000000000000000e+00 2.318971366461739514e+00 2.314328781143497604e+00 3.611226579545902954e-04 9.000000000000000000e+00 1.800000000000000000e+02 0.000000000000000000e+00
