# Pressure [bara]	Lifetime [s]	Lifetime Error [s]	N quality events	N Bulk	Bulk Fraction	Bulk Fraction Error	Bulk Lifetime [s]	Bulk Lifetime Error [s]	N Wall	Wall Fraction	Wall Fraction Error	Wall Lifetime [s]	Wall Lifetime Error [s]	N Dome	Dome Fraction	Dome Fraction Error	Dome Lifetime [s]	Dome Lifetime Error [s]	N Bottom	Bottom Fraction	Bottom Fraction Error	Bottom Lifetime [s]	Bottom Lifetime Error [s]
2.250000000000000000e+00 5.337089088416506399e+01 4.541066791945972625e+00 2.410000000000000000e+02 8.700000000000000000e+01 3.609958506224066332e-01 3.087951058265615834e-02 1.478435023342963177e+02 1.783738320037617342e+01 2.600000000000000000e+01 1.078838174273858974e-01 2.000828867709437617e-02 4.947071039647607336e+02 1.009437927047086561e+02 1.030000000000000000e+02 4.273858921161825530e-01 3.180187762803564355e-02 1.248775213891629221e+02 1.411522189941124772e+01 2.500000000000000000e+01 1.037344398340249024e-01 1.966900435531950334e-02 5.144953881233511765e+02 1.069248685663944229e+02
2.500000000000000000e+00 5.055653162293661040e+01 4.099178239697565118e+00 2.430000000000000000e+02 7.500000000000000000e+01 3.086419753086419582e-01 2.958262807968972674e-02 1.638031624583146311e+02 2.056426300450034717e+01 1.500000000000000000e+01 6.172839506172839164e-02 1.551113053756930475e-02 8.190158122915731838e+02 2.162510998050970272e+02 1.190000000000000000e+02 4.897119341563785921e-01 3.200247105529042263e-02 1.032372872636436654e+02 1.075091805919894838e+01 3.400000000000000000e+01 1.399176954732510303e-01 2.225707885194261673e-02 3.613305054227528217e+02 6.451368753109971976e+01
2.750000000000000000e+00 6.930061099260298008e+00 2.518130309340829598e+00 3.000000000000000000e+00 3.000000000000000000e+00 1.000000000000000000e+00 1.250000000000000000e-01 6.930061099260298008e+00 2.662964992107074380e+00 0.000000000000000000e+00 0.000000000000000000e+00 1.250000000000000000e-01 inf inf 0.000000000000000000e+00 0.000000000000000000e+00 1.250000000000000000e-01 inf inf 0.000000000000000000e+00 0.000000000000000000e+00 1.250000000000000000e-01 inf inf
3.000000000000000000e+00 5.717163761678835243e+01 4.177707253278832411e+00 2.700000000000000000e+02 9.000000000000000000e+01 3.333333333333333148e-01 2.864238873848713035e-02 1.715149128503650786e+02 1.934635902840272692e+01 2.800000000000000000e+01 1.037037037037037007e-01 1.857752963818485106e-02 5.512979341618877243e+02 1.066600944333869307e+02 1.230000000000000000e+02 4.555555555555555469e-01 3.025305207498364332e-02 1.254987167197793099e+02 1.239190858882054158e+01 2.900000000000000000e+01 1.074074074074074098e-01 1.886442186478714395e-02 5.322876605700984101e+02 1.012565483416374406e+02
3.250000000000000000e+00 6.930061099281861203e+00 3.752915970682169089e+00 7.000000000000000000e+00 2.000000000000000000e+00 2.857142857142856984e-01 1.619496173858665788e-01 2.425521384748651599e+01 1.901454540338663080e+01 1.000000000000000000e+00 1.428571428571428492e-01 1.315260702022878203e-01 4.851042769497303198e+01 5.181593803918113395e+01 2.000000000000000000e+00 2.857142857142856984e-01 1.619496173858665788e-01 2.425521384748651599e+01 1.901454540338663080e+01 2.000000000000000000e+00 2.857142857142856984e-01 1.619496173858665788e-01 2.425521384748651599e+01 1.901454540338663080e+01
3.500000000000000000e+00 6.899085098443748620e+01 6.836931178637954076e+00 2.500000000000000000e+02 9.000000000000000000e+01 3.599999999999999867e-01 3.030246513116560680e-02 1.916412527345485728e+02 2.491764636504478503e+01 2.800000000000000000e+01 1.120000000000000023e-01 1.996568539261633912e-02 6.159897409324775026e+02 1.256363271331632490e+02 1.050000000000000000e+02 4.199999999999999845e-01 3.115476711477665334e-02 1.642639309153273643e+02 2.033359873435070497e+01 2.700000000000000000e+01 1.079999999999999988e-01 1.965318898641936485e-02 6.388041757818285760e+02 1.323653398155173022e+02
3.750000000000000000e+00 6.930061099260298008e+00 2.518130309340829598e+00 4.000000000000000000e+00 2.000000000000000000e+00 5.000000000000000000e-01 2.236067977499789916e-01 1.386012219852059602e+01 7.986521050549385770e+00 0.000000000000000000e+00 0.000000000000000000e+00 1.000000000000000056e-01 inf inf 2.000000000000000000e+00 5.000000000000000000e-01 2.236067977499789916e-01 1.386012219852059602e+01 7.986521050549385770e+00 0.000000000000000000e+00 0.000000000000000000e+00 1.000000000000000056e-01 inf inf
4.000000000000000000e+00 8.577996635890714572e+01 8.157254058154336462e+00 2.650000000000000000e+02 7.900000000000000000e+01 2.981132075471698006e-01 2.805706789367699849e-02 2.877429251279796745e+02 3.849824081733895298e+01 3.200000000000000000e+01 1.207547169811320764e-01 2.002946309682378939e-02 7.103653464096997823e+02 1.358184349558739541e+02 1.220000000000000000e+02 4.603773584905660465e-01 3.056091835469308682e-02 1.863253367631999424e+02 2.160867063979645764e+01 3.200000000000000000e+01 1.207547169811320764e-01 2.002946309682378939e-02 7.103653464096997823e+02 1.358184349558739541e+02
4.500000000000000000e+00 1.009221057377771871e+02 1.424426117019677918e+01 2.420000000000000000e+02 7.800000000000000000e+01 3.223140495867768407e-01 2.999023367600742521e-02 3.131173024172061901e+02 5.293302930909204917e+01 3.000000000000000000e+01 1.239669421487603340e-01 2.119680812495269157e-02 8.141049862847359009e+02 1.804993511205491643e+02 1.140000000000000000e+02 4.710743801652892415e-01 3.202151743717716187e-02 2.142381542854568295e+02 3.356195777566441052e+01 2.000000000000000000e+01 8.264462809917355601e-02 1.774665172492044876e-02 1.221157479427103908e+03 3.137964185493016203e+02
4.750000000000000000e+00 6.930061099260298008e+00 3.808411955449352959e+00 1.000000000000000000e+00 1.000000000000000000e+00 1.000000000000000000e+00 2.500000000000000000e-01 6.930061099260298008e+00 4.183970697779457737e+00 0.000000000000000000e+00 0.000000000000000000e+00 2.500000000000000000e-01 inf inf 0.000000000000000000e+00 0.000000000000000000e+00 2.500000000000000000e-01 inf inf 0.000000000000000000e+00 0.000000000000000000e+00 2.500000000000000000e-01 inf inf
