# Pressure [bara]	Lifetime [s]	Lifetime Error [s]	Exponential Fit 2xNLL	N.d.o.f.	Time Cut High [s]	Time Cut Low [s]
2.250000000000000000e+00 1.498855408914387688e+01 5.416284310491430887e+00 9.071521618125821362e+00 1.500000000000000000e+01 2.000000000000000000e+01 5.000000000000000000e+00
2.500000000000000000e+00 1.160039537631801352e+02 9.185097840508056777e+01 1.523893293691020645e+01 1.500000000000000000e+01 2.000000000000000000e+01 5.000000000000000000e+00
2.750000000000000000e+00 5.000000000000000000e+00 4.989989989989989994e+00 0.000000000000000000e+00 1.500000000000000000e+01 2.000000000000000000e+01 5.000000000000000000e+00
3.000000000000000000e+00 1.450183736607336193e+01 5.414599937482847736e+00 1.387011099960963278e+01 1.500000000000000000e+01 2.000000000000000000e+01 5.000000000000000000e+00
3.250000000000000000e+00 5.000000000000000000e+00 4.989989989989989994e+00 0.000000000000000000e+00 1.500000000000000000e+01 2.000000000000000000e+01 5.000000000000000000e+00
3.500000000000000000e+00 1.297707934319814171e+02 1.066484698775342679e+02 4.648779399895451192e+00 1.500000000000000000e+01 2.000000000000000000e+01 5.000000000000000000e+00
3.750000000000000000e+00 5.000000000000000000e+00 4.989989989989989994e+00 0.000000000000000000e+00 1.500000000000000000e+01 2.000000000000000000e+01 5.000000000000000000e+00
4.000000000000000000e+00 1.085768670692391247e+01 8.988295201827900982e+00 1.667210570725357144e+01 1.500000000000000000e+01 2.000000000000000000e+01 5.000000000000000000e+00
4.250000000000000000e+00 5.000000000000000000e+00 4.989989989989989994e+00 0.000000000000000000e+00 1.500000000000000000e+01 2.000000000000000000e+01 5.000000000000000000e+00
4.500000000000000000e+00 2.698386362798143637e+03 2.638962438892679074e+03 1.380339262632077002e+01 1.500000000000000000e+01 2.000000000000000000e+01 5.000000000000000000e+00
4.750000000000000000e+00 5.000000000000000000e+00 4.989989989989989994e+00 0.000000000000000000e+00 1.500000000000000000e+01 2.000000000000000000e+01 5.000000000000000000e+00
5.000000000000000000e+00 5.000000000000000000e+00 4.989989989989989994e+00 0.000000000000000000e+00 1.500000000000000000e+01 2.000000000000000000e+01 5.000000000000000000e+00
5.250000000000000000e+00 5.000000000000000000e+00 4.989989989989989994e+00 0.000000000000000000e+00 1.500000000000000000e+01 2.000000000000000000e+01 5.000000000000000000e+00
5.500000000000000000e+00 5.000000000000000000e+00 4.989989989989989994e+00 0.000000000000000000e+00 1.500000000000000000e+01 2.000000000000000000e+01 5.000000000000000000e+00
