# Pressure [bara]	Lifetime [s]	Lifetime Error [s]	N quality events	N Bulk	Bulk Fraction	Bulk Fraction Error	Bulk Lifetime [s]	Bulk Lifetime Error [s]	N Wall	Wall Fraction	Wall Fraction Error	Wall Lifetime [s]	Wall Lifetime Error [s]	N Dome	Dome Fraction	Dome Fraction Error	Dome Lifetime [s]	Dome Lifetime Error [s]	N Bottom	Bottom Fraction	Bottom Fraction Error	Bottom Lifetime [s]	Bottom Lifetime Error [s]
2.250000000000000000e+00 6.777630114180892917e+01 6.580882092848320042e+00 1.280000000000000000e+02 3.700000000000000000e+01 2.890625000000000000e-01 3.994669808105385383e-02 2.344693661122038577e+02 3.960063560167481711e+01 2.500000000000000000e+01 1.953125000000000000e-01 3.498451201266607885e-02 3.470146618460616992e+02 7.070254225767170908e+01 4.800000000000000000e+01 3.750000000000000000e-01 4.263565891472868158e-02 1.807368030448238017e+02 2.702267249351330847e+01 1.800000000000000000e+01 1.406250000000000000e-01 3.073401458750718226e-02 4.819648081195301756e+02 1.152624223036254563e+02
2.500000000000000000e+00 6.323427850443288634e+01 1.728023826998015267e+01 2.700000000000000000e+01 4.000000000000000000e+00 1.481481481481481399e-01 6.830124792880358509e-02 4.268313799049220165e+02 2.287553789388364862e+02 0.000000000000000000e+00 0.000000000000000000e+00 1.785714285714285615e-02 inf inf 1.600000000000000000e+01 5.925925925925925597e-01 9.291563074577853520e-02 1.067078449762305041e+02 3.361940583071609012e+01 7.000000000000000000e+00 2.592592592592592449e-01 8.326244150141780265e-02 2.439036456599554299e+02 1.028507000261422917e+02
2.750000000000000000e+00 6.930061099256073831e+00 6.888439110671953358e+00 3.000000000000000000e+00 1.000000000000000000e+00 3.333333333333333148e-01 2.393567769390845257e-01 2.079018329776822327e+01 2.549362316069666790e+01 0.000000000000000000e+00 0.000000000000000000e+00 1.250000000000000000e-01 inf inf 1.000000000000000000e+00 3.333333333333333148e-01 2.393567769390845257e-01 2.079018329776822327e+01 2.549362316069666790e+01 1.000000000000000000e+00 3.333333333333333148e-01 2.393567769390845257e-01 2.079018329776822327e+01 2.549362316069666790e+01
3.000000000000000000e+00 5.909091807875082480e+01 1.969697269291693686e+01 2.200000000000000000e+01 7.000000000000000000e+00 3.181818181818181768e-01 9.744105166498853721e-02 1.857143139617883207e+02 8.406441515784048590e+01 3.000000000000000000e+00 1.363636363636363535e-01 7.328259374600458453e-02 4.333333992441727673e+02 2.740353218557207242e+02 6.000000000000000000e+00 2.727272727272727071e-01 9.338859565779178418e-02 2.166666996220863837e+02 1.035399105405838469e+02 6.000000000000000000e+00 2.727272727272727071e-01 9.338859565779178418e-02 2.166666996220863837e+02 1.035399105405838469e+02
3.250000000000000000e+00 6.930061099260298008e+00 3.808411955449352959e+00 0.000000000000000000e+00 0.000000000000000000e+00 nan nan nan nan 0.000000000000000000e+00 nan nan nan nan 0.000000000000000000e+00 nan nan nan nan 0.000000000000000000e+00 nan nan nan nan
3.500000000000000000e+00 8.120844536728507990e+01 2.641916390827591954e+01 3.000000000000000000e+01 1.100000000000000000e+01 3.666666666666666408e-01 8.665759444498401243e-02 2.214775782744138724e+02 8.905840077051247761e+01 5.000000000000000000e+00 1.666666666666666574e-01 6.779311942429296078e-02 4.872506722037105078e+02 2.537866166614686563e+02 1.300000000000000000e+01 4.333333333333333481e-01 8.902680363532111674e-02 1.874041046937347801e+02 7.210671424230773141e+01 1.000000000000000000e+00 3.333333333333333287e-02 3.558148840381569061e-02 2.436253361018552368e+03 2.718660800971229037e+03
3.750000000000000000e+00 6.930061099260298008e+00 3.142460138103018163e+00 1.000000000000000000e+00 0.000000000000000000e+00 0.000000000000000000e+00 2.500000000000000000e-01 inf inf 0.000000000000000000e+00 0.000000000000000000e+00 2.500000000000000000e-01 inf inf 0.000000000000000000e+00 0.000000000000000000e+00 2.500000000000000000e-01 inf inf 1.000000000000000000e+00 1.000000000000000000e+00 2.500000000000000000e-01 6.930061099260298008e+00 3.588407013848065485e+00
4.000000000000000000e+00 6.287469667040907950e+01 1.642672255353029698e+01 3.300000000000000000e+01 1.600000000000000000e+01 4.848484848484848619e-01 8.571107135581812475e-02 1.296790618827187132e+02 4.090717557348412470e+01 2.000000000000000000e+00 6.060606060606060774e-02 4.291284196918059707e-02 1.037432495061749705e+03 7.829757344074697585e+02 9.000000000000000000e+00 2.727272727272727071e-01 7.667086074299288290e-02 2.305405544581666391e+02 8.847759324278088400e+01 6.000000000000000000e+00 1.818181818181818232e-01 6.680480079491436796e-02 3.458108316872499017e+02 1.559064689629547331e+02
4.500000000000000000e+00 1.519948523117986383e+02 1.154795724771323080e+02 2.900000000000000000e+01 1.500000000000000000e+01 5.172413793103448620e-01 9.123461398653488763e-02 2.938567144694773674e+02 2.291982983523658390e+02 2.000000000000000000e+00 6.896551724137930939e-02 4.844319658134831064e-02 2.203925358521080398e+03 2.280437331463632290e+03 1.100000000000000000e+01 3.793103448275861878e-01 8.867911069879703956e-02 4.007137015492873502e+02 3.185340827644052979e+02 1.000000000000000000e+00 3.448275862068965469e-02 3.675016615804176101e-02 4.407850717042160795e+03 5.769181570932990326e+03
