# Pressure [bara]	Lifetime [s]	Lifetime Error [s]	Exponential Fit 2xNLL	N.d.o.f.	Time Cut High [s]	Time Cut Low [s]
1.500000000000000000e+00 4.518571492098038789e+01 6.920334717627625309e+00 4.112135673529094149e+00 9.000000000000000000e+00 1.800000000000000000e+02 0.000000000000000000e+00
1.750000000000000000e+00 4.679349306691478461e+01 3.419344338223005764e+00 9.085861949727531695e+00 9.000000000000000000e+00 1.800000000000000000e+02 0.000000000000000000e+00
2.000000000000000000e+00 6.009136157175888826e+01 6.195605847738910654e+00 1.330153246897861408e+01 9.000000000000000000e+00 1.800000000000000000e+02 0.000000000000000000e+00
2.250000000000000000e+00 5.417978852956835567e+01 4.826828007138715293e+00 1.563869120508927679e+01 9.000000000000000000e+00 1.800000000000000000e+02 0.000000000000000000e+00
2.500000000000000000e+00 7.524984221447881794e+01 9.114345253205144104e+00 2.215286435265835507e+01 9.000000000000000000e+00 1.800000000000000000e+02 0.000000000000000000e+00
2.750000000000000000e+00 6.930058658726889753e+00 3.752914649020266502e+00 1.471979202376570761e+00 9.000000000000000000e+00 1.800000000000000000e+02 0.000000000000000000e+00
3.000000000000000000e+00 7.986281852195359932e+01 1.031261620553756586e+01 1.306211657885843280e+01 9.000000000000000000e+00 1.800000000000000000e+02 0.000000000000000000e+00
3.250000000000000000e+00 6.930054048988952609e+00 4.169131615057417584e+00 1.261696459185093211e+00 9.000000000000000000e+00 1.800000000000000000e+02 0.000000000000000000e+00
3.500000000000000000e+00 6.929999871454570304e+00 2.518108061399408903e+00 8.411309730762894787e-01 9.000000000000000000e+00 1.800000000000000000e+02 0.000000000000000000e+00
3.750000000000000000e+00 6.930059748972903222e+00 3.142459525810535670e+00 4.205654863931376219e-01 9.000000000000000000e+00 1.800000000000000000e+02 0.000000000000000000e+00
4.000000000000000000e+00 7.513818656213008751e+01 1.180850379404846251e+01 2.162440681206549442e+01 9.000000000000000000e+00 1.800000000000000000e+02 0.000000000000000000e+00
4.250000000000000000e+00 6.929999871454570304e+00 2.518108061399408903e+00 8.411309730762894787e-01 9.000000000000000000e+00 1.800000000000000000e+02 0.000000000000000000e+00
4.500000000000000000e+00 6.930060717775015533e+00 6.888438731482072086e+00 6.308482295895980752e-01 9.000000000000000000e+00 1.800000000000000000e+02 0.000000000000000000e+00
4.750000000000000000e+00 6.930059748972903222e+00 3.142459525810535670e+00 4.205654863931376219e-01 9.000000000000000000e+00 1.800000000000000000e+02 0.000000000000000000e+00
5.000000000000000000e+00 6.930059748972903222e+00 3.142459525810535670e+00 4.205654863931376219e-01 9.000000000000000000e+00 1.800000000000000000e+02 0.000000000000000000e+00
6.250000000000000000e+00 6.930057769191257933e+00 3.808410125411411773e+00 2.102827431967554395e-01 9.000000000000000000e+00 1.800000000000000000e+02 0.000000000000000000e+00
