# Pressure [bara]	Lifetime [s]	Lifetime Error [s]	N quality events	N Bulk	Bulk Fraction	Bulk Fraction Error	Bulk Lifetime [s]	Bulk Lifetime Error [s]	N Wall	Wall Fraction	Wall Fraction Error	Wall Lifetime [s]	Wall Lifetime Error [s]	N Dome	Dome Fraction	Dome Fraction Error	Dome Lifetime [s]	Dome Lifetime Error [s]	N Bottom	Bottom Fraction	Bottom Fraction Error	Bottom Lifetime [s]	Bottom Lifetime Error [s]
1.500000000000000000e+00 4.518571919135280979e+01 6.920335371648626221e+00 7.000000000000000000e+01 2.600000000000000000e+01 3.714285714285714413e-01 5.737229704942848479e-02 1.216538593613344830e+02 2.646215507127188360e+01 1.100000000000000000e+01 1.571428571428571397e-01 4.346029882752141388e-02 2.875454857631542609e+02 9.090457780930255183e+01 1.900000000000000000e+01 2.714285714285714080e-01 5.287387939398467684e-02 1.664737022839314307e+02 4.125134537339857843e+01 1.400000000000000000e+01 2.000000000000000111e-01 4.765894173433418007e-02 2.259285959567640418e+02 6.399814079951627122e+01
1.750000000000000000e+00 4.679352263244950194e+01 3.419346498667479750e+00 2.140000000000000000e+02 8.500000000000000000e+01 3.971962616822429792e-01 3.337458632838453260e-02 1.178095746275787548e+02 1.311869085350490138e+01 3.900000000000000000e+01 1.822429906542056000e-01 2.636947748175140147e-02 2.567644575216460225e+02 4.162122855762759599e+01 5.700000000000000000e+01 2.663551401869158619e-01 3.016728445818920787e-02 1.756809446200735749e+02 2.367943076719824802e+01 3.300000000000000000e+01 1.542056074766355034e-01 2.468239134427742398e-02 3.034489043437634450e+02 5.339267727669040653e+01
2.000000000000000000e+00 6.009141651709641962e+01 6.195611512773709251e+00 1.790000000000000000e+02 7.900000000000000000e+01 4.413407821229050065e-01 3.701187589368390429e-02 1.361565007159526601e+02 1.809557488459049068e+01 2.300000000000000000e+01 1.284916201117318468e-01 2.502757290422384651e-02 4.676679807200112577e+02 1.030668749533730590e+02 4.600000000000000000e+01 2.569832402234636937e-01 3.259779727737838195e-02 2.338339903600056289e+02 3.822356318226563587e+01 3.100000000000000000e+01 1.731843575418994530e-01 2.826314012996799380e-02 3.469794695664599544e+02 6.698003363282123246e+01
2.250000000000000000e+00 5.417981991354594840e+01 4.826830803108691725e+00 2.140000000000000000e+02 8.500000000000000000e+01 3.971962616822429792e-01 3.337458632838453260e-02 1.364056642529274370e+02 1.670462021954396903e+01 3.600000000000000000e+01 1.682242990654205517e-01 2.555767409003141186e-02 3.220689294860787300e+02 5.672293865270726343e+01 6.500000000000000000e+01 3.037383177570093240e-01 3.137622478551421734e-02 1.783766378692128285e+02 2.433242658643279199e+01 2.800000000000000000e+01 1.308411214953270896e-01 2.306266235211294757e-02 4.140886236249583590e+02 8.178233216811395323e+01
2.500000000000000000e+00 7.524980659594884003e+01 9.114340939048858559e+00 1.830000000000000000e+02 7.300000000000000000e+01 3.989071038251366108e-01 3.610339684963373430e-02 1.886399261240909198e+02 2.852246999510844816e+01 3.000000000000000000e+01 1.639344262295081844e-01 2.735373502573401963e-02 4.590238202352879853e+02 9.464337190698532254e+01 4.900000000000000000e+01 2.677595628415300744e-01 3.266742059073377002e-02 2.810349919807885044e+02 4.831433154589611689e+01 3.100000000000000000e+01 1.693989071038251304e-01 2.771133452567598604e-02 4.442166002276979953e+02 9.041831350799404277e+01
2.750000000000000000e+00 6.930061099281861203e+00 3.752915970682169089e+00 6.000000000000000000e+00 1.000000000000000000e+00 1.666666666666666574e-01 1.486904285332951992e-01 4.158036659569116722e+01 4.339495688141771268e+01 5.000000000000000000e+00 8.333333333333333703e-01 1.486904285332951714e-01 8.316073319138233444e+00 4.741649522139436357e+00 0.000000000000000000e+00 0.000000000000000000e+00 7.142857142857142461e-02 inf inf 0.000000000000000000e+00 0.000000000000000000e+00 7.142857142857142461e-02 inf inf
3.000000000000000000e+00 7.986277890842822558e+01 1.031261109027752809e+01 1.750000000000000000e+02 7.500000000000000000e+01 4.285714285714285476e-01 3.730456254479866396e-02 1.863464841196658597e+02 2.901923145702547302e+01 1.300000000000000000e+01 7.428571428571428825e-02 1.991417350470369579e-02 1.075075869921149206e+03 3.198938044598464217e+02 5.800000000000000000e+01 3.314285714285714057e-01 3.549528856941069899e-02 2.409652811892231057e+02 4.042495651102823473e+01 2.900000000000000000e+01 1.657142857142857029e-01 2.809156972912900743e-02 4.819305623784462114e+02 1.026983918346698488e+02
3.250000000000000000e+00 6.930061099256073831e+00 4.169135856509408100e+00 6.000000000000000000e+00 1.000000000000000000e+00 1.666666666666666574e-01 1.486904285332951992e-01 4.158036659553644654e+01 4.474176618086263346e+01 2.000000000000000000e+00 3.333333333333333148e-01 1.797579627445416439e-01 2.079018329776822327e+01 1.679688321037154708e+01 2.000000000000000000e+00 3.333333333333333148e-01 1.797579627445416439e-01 2.079018329776822327e+01 1.679688321037154708e+01 1.000000000000000000e+00 1.666666666666666574e-01 1.486904285332951992e-01 4.158036659553644654e+01 4.474176618086263346e+01
3.500000000000000000e+00 6.930061099260298008e+00 2.518130309340829598e+00 4.000000000000000000e+00 0.000000000000000000e+00 0.000000000000000000e+00 1.000000000000000056e-01 inf inf 4.000000000000000000e+00 1.000000000000000000e+00 1.000000000000000056e-01 6.930061099260298008e+00 2.611749935046567828e+00 0.000000000000000000e+00 0.000000000000000000e+00 1.000000000000000056e-01 inf inf 0.000000000000000000e+00 0.000000000000000000e+00 1.000000000000000056e-01 inf inf
3.750000000000000000e+00 6.930061099260298008e+00 3.142460138103018163e+00 2.000000000000000000e+00 0.000000000000000000e+00 0.000000000000000000e+00 1.666666666666666574e-01 inf inf 0.000000000000000000e+00 0.000000000000000000e+00 1.666666666666666574e-01 inf inf 1.000000000000000000e+00 5.000000000000000000e-01 2.886751345948128655e-01 1.386012219852059602e+01 1.017519297102387021e+01 1.000000000000000000e+00 5.000000000000000000e-01 2.886751345948128655e-01 1.386012219852059602e+01 1.017519297102387021e+01
4.000000000000000000e+00 7.513831010726450188e+01 1.180852321005056638e+01 9.600000000000000000e+01 3.600000000000000000e+01 3.750000000000000000e-01 4.917212378437863657e-02 2.003688269527053478e+02 4.101071287340317184e+01 1.200000000000000000e+01 1.250000000000000000e-01 3.380122950671134163e-02 6.011064808581160150e+02 1.880030564793842984e+02 3.800000000000000000e+01 3.958333333333333148e-01 4.966497743228395767e-02 1.898230992183524393e+02 3.817330092154062271e+01 1.000000000000000000e+01 1.041666666666666713e-01 3.128374820624248154e-02 7.213277770297391953e+02 2.445001833918732359e+02
4.250000000000000000e+00 6.930061099260298008e+00 2.518130309340829598e+00 4.000000000000000000e+00 1.000000000000000000e+00 2.500000000000000000e-01 2.000000000000000111e-01 2.772024439704119203e+01 2.435650491580060617e+01 1.000000000000000000e+00 2.500000000000000000e-01 2.000000000000000111e-01 2.772024439704119203e+01 2.435650491580060617e+01 1.000000000000000000e+00 2.500000000000000000e-01 2.000000000000000111e-01 2.772024439704119203e+01 2.435650491580060617e+01 1.000000000000000000e+00 2.500000000000000000e-01 2.000000000000000111e-01 2.772024439704119203e+01 2.435650491580060617e+01
4.500000000000000000e+00 6.930061099256073831e+00 6.888439110671953358e+00 3.000000000000000000e+00 1.000000000000000000e+00 3.333333333333333148e-01 2.393567769390845257e-01 2.079018329776822327e+01 2.549362316069666790e+01 0.000000000000000000e+00 0.000000000000000000e+00 1.250000000000000000e-01 inf inf 2.000000000000000000e+00 6.666666666666666297e-01 2.393567769390845257e-01 1.039509164888411163e+01 1.098604467938289275e+01 0.000000000000000000e+00 0.000000000000000000e+00 1.250000000000000000e-01 inf inf
4.750000000000000000e+00 6.930061099260298008e+00 3.142460138103018163e+00 1.000000000000000000e+00 0.000000000000000000e+00 0.000000000000000000e+00 2.500000000000000000e-01 inf inf 0.000000000000000000e+00 0.000000000000000000e+00 2.500000000000000000e-01 inf inf 1.000000000000000000e+00 1.000000000000000000e+00 2.500000000000000000e-01 6.930061099260298008e+00 3.588407013848065485e+00 0.000000000000000000e+00 0.000000000000000000e+00 2.500000000000000000e-01 inf inf
5.000000000000000000e+00 6.930061099260298008e+00 3.142460138103018163e+00 2.000000000000000000e+00 0.000000000000000000e+00 0.000000000000000000e+00 1.666666666666666574e-01 inf inf 0.000000000000000000e+00 0.000000000000000000e+00 1.666666666666666574e-01 inf inf 2.000000000000000000e+00 1.000000000000000000e+00 1.666666666666666574e-01 6.930061099260298008e+00 3.348000036273199864e+00 0.000000000000000000e+00 0.000000000000000000e+00 1.666666666666666574e-01 inf inf
6.250000000000000000e+00 6.930061099260298008e+00 3.808411955449352959e+00 0.000000000000000000e+00 0.000000000000000000e+00 nan nan nan nan 0.000000000000000000e+00 nan nan nan nan 0.000000000000000000e+00 nan nan nan nan 0.000000000000000000e+00 nan nan nan nan
