# Pressure [bara]	Lifetime [s]	Lifetime Error [s]	Exponential Fit 2xNLL	N.d.o.f.	Time Cut High [s]	Time Cut Low [s]
2.250000000000000000e+00 7.246426927422183439e+01 6.608103033915523383e+01 9.631641394436048387e+00 2.000000000000000000e+01 4.000000000000000000e+01 0.000000000000000000e+00
2.500000000000000000e+00 1.232714883907258780e+02 8.378512574304590999e+01 2.081459964142940322e+01 2.000000000000000000e+01 4.000000000000000000e+01 0.000000000000000000e+00
2.750000000000000000e+00 6.930061393560675853e-01 6.888439403208959089e-01 6.308482296210546902e-01 2.000000000000000000e+01 4.000000000000000000e+01 0.000000000000000000e+00
3.000000000000000000e+00 4.015871038131570913e+03 3.895274310259751928e+03 2.797349983996159040e+01 2.000000000000000000e+01 4.000000000000000000e+01 0.000000000000000000e+00
3.250000000000000000e+00 6.930062638327419977e-01 3.808412801242996304e-01 2.102827432070575320e-01 2.000000000000000000e+01 4.000000000000000000e+01 0.000000000000000000e+00
3.500000000000000000e+00 2.272019059321651113e+01 1.889937776072364173e+01 2.724619969500658101e+01 2.000000000000000000e+01 4.000000000000000000e+01 0.000000000000000000e+00
3.750000000000000000e+00 6.930058194066769373e-01 3.142458820732979552e-01 4.205654864143848481e-01 2.000000000000000000e+01 4.000000000000000000e+01 0.000000000000000000e+00
4.000000000000000000e+00 1.936815770775782539e+02 1.494779739007135504e+02 1.752826551241516739e+01 2.000000000000000000e+01 4.000000000000000000e+01 0.000000000000000000e+00
4.500000000000000000e+00 1.326900176878216939e+02 9.868737051256408677e+01 2.192964182148145369e+01 2.000000000000000000e+01 4.000000000000000000e+01 0.000000000000000000e+00
