# Pressure [bara]	Lifetime [s]	Lifetime Error [s]	Exponential Fit 2xNLL	N.d.o.f.	Time Cut High [s]	Time Cut Low [s]
1.500000000000000000e+00 2.406589325409363056e+01 1.710388809850499570e+00 1.336790661646247180e+01 1.700000000000000000e+01 1.800000000000000000e+02 1.000000000000000000e+01
1.750000000000000000e+00 5.000000000000000000e+01 4.989989989989989994e+01 0.000000000000000000e+00 1.700000000000000000e+01 1.800000000000000000e+02 1.000000000000000000e+01
2.000000000000000000e+00 2.654690403709721380e+01 2.046157768625107565e+00 2.504965768547793559e+01 1.700000000000000000e+01 1.800000000000000000e+02 1.000000000000000000e+01
2.250000000000000000e+00 5.000000000000000000e+01 4.989989989989989994e+01 0.000000000000000000e+00 1.700000000000000000e+01 1.800000000000000000e+02 1.000000000000000000e+01
2.500000000000000000e+00 3.357409954021562015e+01 3.730455504468402239e+00 1.184868590888102347e+01 1.700000000000000000e+01 1.800000000000000000e+02 1.000000000000000000e+01
2.750000000000000000e+00 5.000000000000000000e+01 4.989989989989989994e+01 0.000000000000000000e+00 1.700000000000000000e+01 1.800000000000000000e+02 1.000000000000000000e+01
3.000000000000000000e+00 3.484714682258433527e+01 2.616152163857684343e+00 1.441316375048189435e+01 1.700000000000000000e+01 1.800000000000000000e+02 1.000000000000000000e+01
3.250000000000000000e+00 5.000000000000000000e+01 4.989989989989989994e+01 0.000000000000000000e+00 1.700000000000000000e+01 1.800000000000000000e+02 1.000000000000000000e+01
3.500000000000000000e+00 5.000000000000000000e+01 4.989989989989989994e+01 0.000000000000000000e+00 1.700000000000000000e+01 1.800000000000000000e+02 1.000000000000000000e+01
3.750000000000000000e+00 5.000000000000000000e+01 4.989989989989989994e+01 0.000000000000000000e+00 1.700000000000000000e+01 1.800000000000000000e+02 1.000000000000000000e+01
4.000000000000000000e+00 4.553671959647882517e+01 5.059635510719871831e+00 1.520608763392703544e+01 1.700000000000000000e+01 1.800000000000000000e+02 1.000000000000000000e+01
4.250000000000000000e+00 5.000000000000000000e+01 4.989989989989989994e+01 0.000000000000000000e+00 1.700000000000000000e+01 1.800000000000000000e+02 1.000000000000000000e+01
4.500000000000000000e+00 5.000000000000000000e+01 4.989989989989989994e+01 0.000000000000000000e+00 1.700000000000000000e+01 1.800000000000000000e+02 1.000000000000000000e+01
4.750000000000000000e+00 5.000000000000000000e+01 4.989989989989989994e+01 0.000000000000000000e+00 1.700000000000000000e+01 1.800000000000000000e+02 1.000000000000000000e+01
5.000000000000000000e+00 6.082222240183200057e+01 8.584517876534853542e+00 2.675578887213759316e+01 1.700000000000000000e+01 1.800000000000000000e+02 1.000000000000000000e+01
