# Pressure [bara]	Lifetime [s]	Lifetime Error [s]	Exponential Fit 2xNLL	N.d.o.f.	Time Cut High [s]	Time Cut Low [s]
2.250000000000000000e+00 5.337090263030028581e+01 4.541067791366891981e+00 1.247203931020239587e+01 9.000000000000000000e+00 1.800000000000000000e+02 0.000000000000000000e+00
2.500000000000000000e+00 5.055650496314552811e+01 4.099176078092881426e+00 1.756709914100979830e+01 9.000000000000000000e+00 1.800000000000000000e+02 0.000000000000000000e+00
2.750000000000000000e+00 6.929999871454570304e+00 2.518108061399408903e+00 8.411309730762894787e-01 9.000000000000000000e+00 1.800000000000000000e+02 0.000000000000000000e+00
3.000000000000000000e+00 5.717163527566212622e+01 4.177707082205543543e+00 1.865813218178567112e+01 9.000000000000000000e+00 1.800000000000000000e+02 0.000000000000000000e+00
3.250000000000000000e+00 6.930058658726889753e+00 3.752914649020266502e+00 1.471979202376570761e+00 9.000000000000000000e+00 1.800000000000000000e+02 0.000000000000000000e+00
3.500000000000000000e+00 6.899093720004513841e+01 6.836939722527006325e+00 2.659579973174285072e+00 9.000000000000000000e+00 1.800000000000000000e+02 0.000000000000000000e+00
3.750000000000000000e+00 6.929999871454570304e+00 2.518108061399408903e+00 8.411309730762894787e-01 9.000000000000000000e+00 1.800000000000000000e+02 0.000000000000000000e+00
4.000000000000000000e+00 8.578026136178610273e+01 8.157282111481151787e+00 7.331202951338397611e+00 9.000000000000000000e+00 1.800000000000000000e+02 0.000000000000000000e+00
4.500000000000000000e+00 1.009220314984104618e+02 1.424425069196784932e+01 6.236229745462475549e+00 9.000000000000000000e+00 1.800000000000000000e+02 0.000000000000000000e+00
4.750000000000000000e+00 6.930057769191257933e+00 3.808410125411411773e+00 2.102827431967554395e-01 9.000000000000000000e+00 1.800000000000000000e+02 0.000000000000000000e+00
