# Pressure [bara]	Lifetime [s]	Lifetime Error [s]	Exponential Fit 2xNLL	N.d.o.f.	Time Cut High [s]	Time Cut Low [s]
1.500000000000000000e+00 3.093656282713075356e+01 2.022179732343982650e+01 1.575482048122358592e+01 2.000000000000000000e+01 4.000000000000000000e+01 0.000000000000000000e+00
1.750000000000000000e+00 4.911614656709924276e+01 2.768007058786474062e+01 2.741953471768594497e+01 2.000000000000000000e+01 4.000000000000000000e+01 0.000000000000000000e+00
2.000000000000000000e+00 3.719834780064653756e+01 1.582512293821299210e+01 1.595973165862169196e+01 2.000000000000000000e+01 4.000000000000000000e+01 0.000000000000000000e+00
2.250000000000000000e+00 7.894371380742384758e+01 5.887193872525602956e+01 1.159452937796217320e+01 2.000000000000000000e+01 4.000000000000000000e+01 0.000000000000000000e+00
2.500000000000000000e+00 9.629508645847676007e+01 4.327977359344951225e+01 2.327999010406232827e+01 2.000000000000000000e+01 4.000000000000000000e+01 0.000000000000000000e+00
2.750000000000000000e+00 6.930061202246105001e-01 3.752916026441583952e-01 1.471979202449122948e+00 2.000000000000000000e+01 4.000000000000000000e+01 0.000000000000000000e+00
3.000000000000000000e+00 3.386527470431245490e+01 1.542412411457674892e+01 1.698397972671728340e+01 2.000000000000000000e+01 4.000000000000000000e+01 0.000000000000000000e+00
3.250000000000000000e+00 6.930061238404796597e-01 4.169135940221504466e-01 1.261696459242105828e+00 2.000000000000000000e+01 4.000000000000000000e+01 0.000000000000000000e+00
3.500000000000000000e+00 6.930060070294696839e-01 2.518129935452427803e-01 8.411309728281688436e-01 2.000000000000000000e+01 4.000000000000000000e+01 0.000000000000000000e+00
3.750000000000000000e+00 6.930058194066769373e-01 3.142458820732979552e-01 4.205654864143848481e-01 2.000000000000000000e+01 4.000000000000000000e+01 0.000000000000000000e+00
4.000000000000000000e+00 1.084048136296294160e+03 9.950672081918936556e+02 2.820011968115312584e+01 2.000000000000000000e+01 4.000000000000000000e+01 0.000000000000000000e+00
4.250000000000000000e+00 6.930060070294696839e-01 2.518129935452427803e-01 8.411309728281688436e-01 2.000000000000000000e+01 4.000000000000000000e+01 0.000000000000000000e+00
4.500000000000000000e+00 6.930061393560675853e-01 6.888439403208959089e-01 6.308482296210546902e-01 2.000000000000000000e+01 4.000000000000000000e+01 0.000000000000000000e+00
4.750000000000000000e+00 6.930058194066769373e-01 3.142458820732979552e-01 4.205654864143848481e-01 2.000000000000000000e+01 4.000000000000000000e+01 0.000000000000000000e+00
5.000000000000000000e+00 6.930058194066769373e-01 3.142458820732979552e-01 4.205654864143848481e-01 2.000000000000000000e+01 4.000000000000000000e+01 0.000000000000000000e+00
6.250000000000000000e+00 4.945552641520571946e+00 2.876242327050502645e+00 3.818523528443672710e+00 2.000000000000000000e+01 4.000000000000000000e+01 0.000000000000000000e+00
