# Pressure [bara]	Lifetime [s]	Lifetime Error [s]	Exponential Fit 2xNLL	N.d.o.f.	Time Cut High [s]	Time Cut Low [s]
1.500000000000000000e+00 2.557776126482201917e+01 1.766632159432152349e+00 1.686508601879690872e+01 1.700000000000000000e+01 1.800000000000000000e+02 1.000000000000000000e+01
1.750000000000000000e+00 5.000000000000000000e+01 4.989989989989989994e+01 0.000000000000000000e+00 1.700000000000000000e+01 1.800000000000000000e+02 1.000000000000000000e+01
2.000000000000000000e+00 2.755645472603693591e+01 2.123970984889730573e+00 7.572625088940223570e+00 1.700000000000000000e+01 1.800000000000000000e+02 1.000000000000000000e+01
2.250000000000000000e+00 5.000000000000000000e+01 4.989989989989989994e+01 0.000000000000000000e+00 1.700000000000000000e+01 1.800000000000000000e+02 1.000000000000000000e+01
2.500000000000000000e+00 2.293220461426517076e+01 2.226650498081802709e+00 7.874784078022396550e+00 1.700000000000000000e+01 1.800000000000000000e+02 1.000000000000000000e+01
2.750000000000000000e+00 5.000000000000000000e+01 4.989989989989989994e+01 0.000000000000000000e+00 1.700000000000000000e+01 1.800000000000000000e+02 1.000000000000000000e+01
3.000000000000000000e+00 3.628613374814169390e+01 3.668568076638955233e+00 8.390923773168839972e+00 1.700000000000000000e+01 1.800000000000000000e+02 1.000000000000000000e+01
3.250000000000000000e+00 5.000000000000000000e+01 4.989989989989989994e+01 0.000000000000000000e+00 1.700000000000000000e+01 1.800000000000000000e+02 1.000000000000000000e+01
3.500000000000000000e+00 5.000000000000000000e+01 4.989989989989989994e+01 0.000000000000000000e+00 1.700000000000000000e+01 1.800000000000000000e+02 1.000000000000000000e+01
3.750000000000000000e+00 5.000000000000000000e+01 4.989989989989989994e+01 0.000000000000000000e+00 1.700000000000000000e+01 1.800000000000000000e+02 1.000000000000000000e+01
4.000000000000000000e+00 4.548247402328549072e+01 4.143048184303282255e+00 9.138038764024861038e+00 1.700000000000000000e+01 1.800000000000000000e+02 1.000000000000000000e+01
4.250000000000000000e+00 5.000000000000000000e+01 4.989989989989989994e+01 0.000000000000000000e+00 1.700000000000000000e+01 1.800000000000000000e+02 1.000000000000000000e+01
4.500000000000000000e+00 5.000000000000000000e+01 4.989989989989989994e+01 0.000000000000000000e+00 1.700000000000000000e+01 1.800000000000000000e+02 1.000000000000000000e+01
4.750000000000000000e+00 5.000000000000000000e+01 4.989989989989989994e+01 0.000000000000000000e+00 1.700000000000000000e+01 1.800000000000000000e+02 1.000000000000000000e+01
5.000000000000000000e+00 6.433135661775831693e+01 7.147928513084259805e+00 1.603307293214997031e+01 1.700000000000000000e+01 1.800000000000000000e+02 1.000000000000000000e+01
5.750000000000000000e+00 5.000000000000000000e+01 4.989989989989989994e+01 0.000000000000000000e+00 1.700000000000000000e+01 1.800000000000000000e+02 1.000000000000000000e+01
