# Pressure [bara]	Lifetime [s]	Lifetime Error [s]	N quality events	N Bulk	Bulk Fraction	Bulk Fraction Error	Bulk Lifetime [s]	Bulk Lifetime Error [s]	N Wall	Wall Fraction	Wall Fraction Error	Wall Lifetime [s]	Wall Lifetime Error [s]	N Dome	Dome Fraction	Dome Fraction Error	Dome Lifetime [s]	Dome Lifetime Error [s]	N Bottom	Bottom Fraction	Bottom Fraction Error	Bottom Lifetime [s]	Bottom Lifetime Error [s]
1.500000000000000000e+00 2.389171840357780852e+01 1.315359872068846414e+00 2.900000000000000000e+02 1.220000000000000000e+02 4.206896551724138011e-01 2.894071940657359787e-02 5.679178964784888706e+01 5.004000148242875312e+00 2.700000000000000000e+01 9.310344827586207461e-02 1.709123963327901369e-02 2.566147532236134907e+02 4.918036906261405505e+01 1.140000000000000000e+02 3.931034482758620774e-01 2.863518579313315340e-02 6.077717839506635045e+01 5.549489554849667883e+00 2.700000000000000000e+01 9.310344827586207461e-02 1.709123963327901369e-02 2.566147532236134907e+02 4.918036906261405505e+01
1.750000000000000000e+00 6.930061099256073831e+00 6.888439110671953358e+00 3.000000000000000000e+00 2.000000000000000000e+00 6.666666666666666297e-01 2.393567769390845257e-01 1.039509164888411163e+01 1.098604467938289275e+01 0.000000000000000000e+00 0.000000000000000000e+00 1.250000000000000000e-01 inf inf 1.000000000000000000e+00 3.333333333333333148e-01 2.393567769390845257e-01 2.079018329776822327e+01 2.549362316069666790e+01 0.000000000000000000e+00 0.000000000000000000e+00 1.250000000000000000e-01 inf inf
2.000000000000000000e+00 2.795405554159777495e+01 1.818832442646499459e+00 2.580000000000000000e+02 1.090000000000000000e+02 4.224806201550387330e-01 3.069427949057037738e-02 6.616648008928648039e+01 6.453131895517894456e+00 2.400000000000000000e+01 9.302325581395348708e-02 1.811689073367508604e-02 3.005060970721760896e+02 6.170524200954155702e+01 9.500000000000000000e+01 3.682170542635658794e-01 2.997426877727706052e-02 7.591732978665501719e+01 7.911460708806681730e+00 3.000000000000000000e+01 1.162790697674418589e-01 1.997360697474075825e-02 2.404048776577408546e+02 4.415828168061460701e+01
2.250000000000000000e+00 6.930061099260298008e+00 3.433814058192039553e+00 7.000000000000000000e+00 1.000000000000000000e+00 1.428571428571428492e-01 1.315260702022878203e-01 4.851042769482209138e+01 5.072001349887841570e+01 1.000000000000000000e+00 1.428571428571428492e-01 1.315260702022878203e-01 4.851042769482209138e+01 5.072001349887841570e+01 5.000000000000000000e+00 7.142857142857143016e-01 1.619496173858665788e-01 9.702085538964416500e+00 5.286720057655834637e+00 0.000000000000000000e+00 0.000000000000000000e+00 6.250000000000000000e-02 inf inf
2.500000000000000000e+00 2.386292106625779041e+01 1.743736974811632479e+00 1.540000000000000000e+02 8.000000000000000000e+01 5.194805194805194315e-01 4.013067025054397469e-02 4.593612305254625028e+01 4.884691569619097784e+00 1.400000000000000000e+01 9.090909090909091161e-02 2.324127865228687445e-02 2.624921317288356590e+02 6.979461681881468849e+01 4.500000000000000000e+01 2.922077922077921941e-01 3.655318383843327718e-02 8.166421876008222114e+01 1.183087724632675375e+01 1.500000000000000000e+01 9.740259740259740728e-02 2.395709053381508968e-02 2.449926562802466492e+02 6.286137823343042896e+01
2.750000000000000000e+00 6.930061099264320568e+00 2.795610233236756947e+00 1.100000000000000000e+01 6.000000000000000000e+00 5.454545454545454142e-01 1.437897946674417116e-01 1.270511201531792267e+01 6.122585117719980374e+00 1.000000000000000000e+00 9.090909090909091161e-02 8.971757032065919013e-02 7.623067209190752180e+01 8.127393225344343364e+01 4.000000000000000000e+00 3.636363636363636465e-01 1.393301072556782094e-01 1.905766802297688045e+01 1.060305695161784989e+01 0.000000000000000000e+00 0.000000000000000000e+00 4.166666666666667129e-02 inf inf
3.000000000000000000e+00 3.634910999363695083e+01 3.165538107553963698e+00 1.540000000000000000e+02 6.900000000000000000e+01 4.480519480519480346e-01 3.994502756588035747e-02 8.112699911623319338e+01 1.011076756310405500e+01 1.400000000000000000e+01 9.090909090909091161e-02 2.324127865228687445e-02 3.998402099300064378e+02 1.079888108674719547e+02 5.300000000000000000e+01 3.441558441558441594e-01 3.817356727761850310e-02 1.056181686607564245e+02 1.489451324478132044e+01 1.800000000000000000e+01 1.168831168831168804e-01 2.592400957549787638e-02 3.109868299455606007e+02 7.410162579381346859e+01
3.250000000000000000e+00 6.930061099250316659e+00 3.184082126682577396e+00 6.000000000000000000e+00 1.000000000000000000e+00 1.666666666666666574e-01 1.486904285332951992e-01 4.158036659550189995e+01 4.172608666242340547e+01 1.000000000000000000e+00 1.666666666666666574e-01 1.486904285332951992e-01 4.158036659550189995e+01 4.172608666242340547e+01 4.000000000000000000e+00 6.666666666666666297e-01 1.797579627445416439e-01 1.039509164887547499e+01 5.537833991580670023e+00 0.000000000000000000e+00 0.000000000000000000e+00 7.142857142857142461e-02 inf inf
3.500000000000000000e+00 6.930061099250316659e+00 3.184082126682577396e+00 9.000000000000000000e+00 4.000000000000000000e+00 4.444444444444444198e-01 1.572330188676100415e-01 1.559263747331321248e+01 9.041837516349321646e+00 2.000000000000000000e+00 2.222222222222222099e-01 1.343709624716424855e-01 3.118527494662642496e+01 2.368291159721032813e+01 3.000000000000000000e+00 3.333333333333333148e-01 1.499999999999999944e-01 2.079018329775094998e+01 1.337057719471514616e+01 0.000000000000000000e+00 0.000000000000000000e+00 4.999999999999998890e-02 inf inf
3.750000000000000000e+00 6.930061099281861203e+00 3.752915970682169089e+00 5.000000000000000000e+00 3.000000000000000000e+00 5.999999999999999778e-01 2.006932429798715944e-01 1.155010183213643593e+01 7.351800474814901953e+00 0.000000000000000000e+00 0.000000000000000000e+00 8.333333333333334259e-02 inf inf 2.000000000000000000e+00 4.000000000000000222e-01 2.006932429798715944e-01 1.732515274820465123e+01 1.279018007732254425e+01 0.000000000000000000e+00 0.000000000000000000e+00 8.333333333333334259e-02 inf inf
4.000000000000000000e+00 4.417017445222123229e+01 3.492936718443921507e+00 1.580000000000000000e+02 7.500000000000000000e+01 4.746835443037974445e-01 3.960203825775326231e-02 9.305183417934607348e+01 1.069642105125593901e+01 1.600000000000000000e+01 1.012658227848101250e-01 2.405588179575391186e-02 4.361804727156846866e+02 1.092058403962074351e+02 5.800000000000000000e+01 3.670886075949367222e-01 3.823509411983321699e-02 1.203256476457061126e+02 1.573568795696070488e+01 9.000000000000000000e+00 5.696202531645569445e-02 1.859056280590044158e-02 7.754319514945505034e+02 2.603989500390234184e+02
4.250000000000000000e+00 6.930061099264320568e+00 2.795610233236756947e+00 9.000000000000000000e+00 4.000000000000000000e+00 4.444444444444444198e-01 1.572330188676100415e-01 1.559263747334472150e+01 8.366297251768436638e+00 1.000000000000000000e+00 1.111111111111111049e-01 1.067187372905474690e-01 6.237054989337888600e+01 6.497425821729477491e+01 3.000000000000000000e+00 3.333333333333333148e-01 1.499999999999999944e-01 2.079018329779296437e+01 1.256446786778724523e+01 1.000000000000000000e+00 1.111111111111111049e-01 1.067187372905474690e-01 6.237054989337888600e+01 6.497425821729477491e+01
4.500000000000000000e+00 6.930061099220456100e+00 4.724095704273404195e+00 5.000000000000000000e+00 1.000000000000000000e+00 2.000000000000000111e-01 1.707825127659933218e-01 3.465030549610227695e+01 3.786022119581884482e+01 1.000000000000000000e+00 2.000000000000000111e-01 1.707825127659933218e-01 3.465030549610227695e+01 3.786022119581884482e+01 3.000000000000000000e+00 5.999999999999999778e-01 2.006932429798715944e-01 1.155010183203409468e+01 8.770267197844884066e+00 0.000000000000000000e+00 0.000000000000000000e+00 8.333333333333334259e-02 inf inf
4.750000000000000000e+00 6.930061099260298008e+00 2.518130309340829598e+00 4.000000000000000000e+00 2.000000000000000000e+00 5.000000000000000000e-01 2.236067977499789916e-01 1.386012219852059602e+01 7.986521050549385770e+00 0.000000000000000000e+00 0.000000000000000000e+00 1.000000000000000056e-01 inf inf 2.000000000000000000e+00 5.000000000000000000e-01 2.236067977499789916e-01 1.386012219852059602e+01 7.986521050549385770e+00 0.000000000000000000e+00 0.000000000000000000e+00 1.000000000000000056e-01 inf inf
5.000000000000000000e+00 6.368182711275812125e+01 7.585723149567790813e+00 1.370000000000000000e+02 5.600000000000000000e+01 4.087591240875912413e-01 4.185338695162379302e-02 1.557930413294261314e+02 2.447158456503459334e+01 1.400000000000000000e+01 1.021897810218978103e-01 2.594500738478334317e-02 6.231721653177045255e+02 1.747658697244197015e+02 5.200000000000000000e+01 3.795620437956204185e-01 4.131882134073264906e-02 1.677771214316896646e+02 2.707388923308679196e+01 1.500000000000000000e+01 1.094890510948905160e-01 2.673084612406292915e-02 5.816273542965241177e+02 1.579999543753189641e+02
5.750000000000000000e+00 6.930061099260298008e+00 3.808411955449352959e+00 1.000000000000000000e+00 0.000000000000000000e+00 0.000000000000000000e+00 2.500000000000000000e-01 inf inf 0.000000000000000000e+00 0.000000000000000000e+00 2.500000000000000000e-01 inf inf 0.000000000000000000e+00 0.000000000000000000e+00 2.500000000000000000e-01 inf inf 1.000000000000000000e+00 1.000000000000000000e+00 2.500000000000000000e-01 6.930061099260298008e+00 4.183970697779457737e+00
