# Pressure [bara]	Lifetime [s]	Lifetime Error [s]	Exponential Fit 2xNLL	N.d.o.f.	Time Cut High [s]	Time Cut Low [s]
2.250000000000000000e+00 6.777631678336419441e+01 6.580883611597926119e+00 9.809701810652265763e+00 9.000000000000000000e+00 1.800000000000000000e+02 0.000000000000000000e+00
2.500000000000000000e+00 6.972211502976563224e+01 1.263233515554311737e+01 1.509146404067204728e+01 9.000000000000000000e+00 1.800000000000000000e+02 0.000000000000000000e+00
2.750000000000000000e+00 6.930060717775015533e+00 6.888438731482072086e+00 6.308482295895980752e-01 9.000000000000000000e+00 1.800000000000000000e+02 0.000000000000000000e+00
3.000000000000000000e+00 7.984209925664326590e+01 3.732358393678919839e+01 1.249183590391868748e+01 9.000000000000000000e+00 1.800000000000000000e+02 0.000000000000000000e+00
3.250000000000000000e+00 6.930057769191257933e+00 3.808410125411411773e+00 2.102827431967554395e-01 9.000000000000000000e+00 1.800000000000000000e+02 0.000000000000000000e+00
3.500000000000000000e+00 8.120858546136463474e+01 2.641920948442792394e+01 1.151613379597668185e+01 9.000000000000000000e+00 1.800000000000000000e+02 0.000000000000000000e+00
3.750000000000000000e+00 6.930059748972903222e+00 3.142459525810535670e+00 4.205654863931376219e-01 9.000000000000000000e+00 1.800000000000000000e+02 0.000000000000000000e+00
4.000000000000000000e+00 6.287489947907806709e+01 1.642677553957895498e+01 1.016926558006642267e+01 9.000000000000000000e+00 1.800000000000000000e+02 0.000000000000000000e+00
4.500000000000000000e+00 1.519935006164220113e+02 1.154785455133776964e+02 1.048790378063477569e+01 9.000000000000000000e+00 1.800000000000000000e+02 0.000000000000000000e+00
