# Pressure [bara]	Lifetime [s]	Lifetime Error [s]	N quality events	N Bulk	Bulk Fraction	Bulk Fraction Error	Bulk Lifetime [s]	Bulk Lifetime Error [s]	N Wall	Wall Fraction	Wall Fraction Error	Wall Lifetime [s]	Wall Lifetime Error [s]	N Dome	Dome Fraction	Dome Fraction Error	Dome Lifetime [s]	Dome Lifetime Error [s]	N Bottom	Bottom Fraction	Bottom Fraction Error	Bottom Lifetime [s]	Bottom Lifetime Error [s]
1.500000000000000000e+00 2.184802494609829893e+01 1.377803374979173157e+00 2.450000000000000000e+02 1.160000000000000000e+02 4.734693877551020558e-01 3.183410937766691096e-02 4.614453544650071848e+01 4.253717150171201666e+00 2.500000000000000000e+01 1.020408163265306145e-01 1.936725452456711932e-02 2.141106444717633224e+02 4.282247475415950078e+01 7.800000000000000000e+01 3.183673469387754973e-01 2.971023247282642346e-02 6.862520656146260478e+01 7.729308128886654750e+00 2.600000000000000000e+01 1.061224489795918324e-01 1.970216480187914065e-02 2.058756196843878286e+02 4.036670970050853668e+01
1.750000000000000000e+00 6.930061099260298008e+00 3.142460138103018163e+00 2.000000000000000000e+00 1.000000000000000000e+00 5.000000000000000000e-01 2.886751345948128655e-01 1.386012219852059602e+01 1.017519297102387021e+01 1.000000000000000000e+00 5.000000000000000000e-01 2.886751345948128655e-01 1.386012219852059602e+01 1.017519297102387021e+01 0.000000000000000000e+00 0.000000000000000000e+00 1.666666666666666574e-01 inf inf 0.000000000000000000e+00 0.000000000000000000e+00 1.666666666666666574e-01 inf inf
2.000000000000000000e+00 2.631642497344179077e+01 1.764965438659256591e+00 2.500000000000000000e+02 1.070000000000000000e+02 4.279999999999999916e-01 3.123211222778538021e-02 6.148697423701353415e+01 6.094018989184060153e+00 3.300000000000000000e+01 1.320000000000000062e-01 2.141559340366495576e-02 1.993668558594075080e+02 3.499987006588663974e+01 8.900000000000000000e+01 3.559999999999999831e-01 3.022799245849751987e-02 7.392254206022975893e+01 7.998581333305781804e+00 2.100000000000000000e+01 8.400000000000000522e-02 1.758683251272129267e-02 3.132907734933546067e+02 6.887593070029508624e+01
2.250000000000000000e+00 6.930061099260298008e+00 3.142460138103018163e+00 1.000000000000000000e+00 0.000000000000000000e+00 0.000000000000000000e+00 2.500000000000000000e-01 inf inf 0.000000000000000000e+00 0.000000000000000000e+00 2.500000000000000000e-01 inf inf 1.000000000000000000e+00 1.000000000000000000e+00 2.500000000000000000e-01 6.930061099260298008e+00 3.588407013848065485e+00 0.000000000000000000e+00 0.000000000000000000e+00 2.500000000000000000e-01 inf inf
2.500000000000000000e+00 2.730361588334105249e+01 1.721849650300786294e+00 2.340000000000000000e+02 9.800000000000000000e+01 4.188034188034188143e-01 3.218531249742782180e-02 6.519434812961026182e+01 6.481174536773344208e+00 2.900000000000000000e+01 1.239316239316239354e-01 2.155392992202207966e-02 2.203119350586829626e+02 4.075734588759172539e+01 9.100000000000000000e+01 3.888888888888888951e-01 3.180437918408321463e-02 7.020929798573413905e+01 7.250740354379292540e+00 1.600000000000000000e+01 6.837606837606838295e-02 1.656624924238310481e-02 3.993153822938628537e+02 9.997028221316151075e+01
2.750000000000000000e+00 6.930061099260298008e+00 3.433814058192039553e+00 7.000000000000000000e+00 5.000000000000000000e+00 7.142857142857143016e-01 1.619496173858665788e-01 9.702085538964416500e+00 5.286720057655834637e+00 0.000000000000000000e+00 0.000000000000000000e+00 6.250000000000000000e-02 inf inf 2.000000000000000000e+00 2.857142857142856984e-01 1.619496173858665788e-01 2.425521384741104569e+01 1.826088772516047243e+01 0.000000000000000000e+00 0.000000000000000000e+00 6.250000000000000000e-02 inf inf
3.000000000000000000e+00 3.356056475598560240e+01 2.183620329468531907e+00 2.340000000000000000e+02 1.000000000000000000e+02 4.273504273504273310e-01 3.227175162879628023e-02 7.853172152900631886e+01 7.828046439592904804e+00 2.300000000000000000e+01 9.829059829059828834e-02 1.949536107573693680e-02 3.414422675174187702e+02 7.127385332438340981e+01 8.800000000000000000e+01 3.760683760683760646e-01 3.160301024163478245e-02 8.924059264659807411e+01 9.484470081137150288e+00 2.300000000000000000e+01 9.829059829059828834e-02 1.949536107573693680e-02 3.414422675174187702e+02 7.127385332438340981e+01
3.250000000000000000e+00 6.930061099250316659e+00 3.184082126682577396e+00 8.000000000000000000e+00 3.000000000000000000e+00 3.750000000000000000e-01 1.619708859679249990e-01 1.848016293133417776e+01 1.165364294050436023e+01 0.000000000000000000e+00 0.000000000000000000e+00 5.555555555555555247e-02 inf inf 1.000000000000000000e+00 1.250000000000000000e-01 1.178511301977579057e-01 5.544048879400253327e+01 5.814626068007010673e+01 4.000000000000000000e+00 5.000000000000000000e-01 1.666666666666666574e-01 1.386012219850063332e+01 7.867546779707057070e+00
3.500000000000000000e+00 6.930061099256073831e+00 4.169135856509408100e+00 5.000000000000000000e+00 2.000000000000000000e+00 4.000000000000000222e-01 2.006932429798715944e-01 1.732515274814018369e+01 1.357191689956584035e+01 1.000000000000000000e+00 2.000000000000000111e-01 1.707825127659933218e-01 3.465030549628036738e+01 3.619408360737677555e+01 1.000000000000000000e+00 2.000000000000000111e-01 1.707825127659933218e-01 3.465030549628036738e+01 3.619408360737677555e+01 1.000000000000000000e+00 2.000000000000000111e-01 1.707825127659933218e-01 3.465030549628036738e+01 3.619408360737677555e+01
3.750000000000000000e+00 6.930061099220456100e+00 2.975972183749325595e+00 9.000000000000000000e+00 6.000000000000000000e+00 6.666666666666666297e-01 1.499999999999999944e-01 1.039509164883068415e+01 5.039578971737976865e+00 2.000000000000000000e+00 2.222222222222222099e-01 1.343709624716424855e-01 3.118527494649205423e+01 2.312834707799648370e+01 1.000000000000000000e+00 1.111111111111111049e-01 1.067187372905474690e-01 6.237054989298410845e+01 6.561991400242972361e+01 0.000000000000000000e+00 0.000000000000000000e+00 4.999999999999998890e-02 inf inf
4.000000000000000000e+00 4.643160050304734909e+01 3.392899736458915072e+00 2.280000000000000000e+02 9.200000000000000000e+01 4.035087719298245390e-01 3.242257154633425981e-02 1.150696186379869204e+02 1.249766889098973266e+01 2.500000000000000000e+01 1.096491228070175378e-01 2.071764647484591534e-02 4.234561965877918510e+02 8.578501716560779755e+01 8.600000000000000000e+01 3.771929824561403577e-01 3.203329973160576327e-02 1.230977315662185561e+02 1.379134886287370243e+01 2.500000000000000000e+01 1.096491228070175378e-01 2.071764647484591534e-02 4.234561965877918510e+02 8.578501716560779755e+01
4.250000000000000000e+00 6.930061099281861203e+00 3.752915970682169089e+00 6.000000000000000000e+00 3.000000000000000000e+00 5.000000000000000000e-01 1.889822365046135710e-01 1.386012219856372241e+01 9.153185076269936715e+00 0.000000000000000000e+00 0.000000000000000000e+00 7.142857142857142461e-02 inf inf 2.000000000000000000e+00 3.333333333333333148e-01 1.797579627445416439e-01 2.079018329784558361e+01 1.588897246584928347e+01 1.000000000000000000e+00 1.666666666666666574e-01 1.486904285332951992e-01 4.158036659569116722e+01 4.339495688141771268e+01
4.500000000000000000e+00 6.930061099260298008e+00 2.518130309340829598e+00 4.000000000000000000e+00 2.000000000000000000e+00 5.000000000000000000e-01 2.236067977499789916e-01 1.386012219852059602e+01 7.986521050549385770e+00 0.000000000000000000e+00 0.000000000000000000e+00 1.000000000000000056e-01 inf inf 0.000000000000000000e+00 0.000000000000000000e+00 1.000000000000000056e-01 inf inf 2.000000000000000000e+00 5.000000000000000000e-01 2.236067977499789916e-01 1.386012219852059602e+01 7.986521050549385770e+00
5.000000000000000000e+00 6.674155176100164510e+01 7.148494532960128822e+00 2.240000000000000000e+02 1.030000000000000000e+02 4.598214285714285476e-01 3.322601772659873609e-02 1.451466756744113411e+02 1.875328004109797320e+01 3.000000000000000000e+01 1.339285714285714246e-01 2.276325514579255818e-02 4.983369198154789501e+02 1.001151934323716262e+02 6.700000000000000000e+01 2.991071428571428492e-01 3.053751271043013762e-02 2.231359342457368484e+02 3.301766234608079742e+01 2.400000000000000000e+01 1.071428571428571369e-01 2.069344569870763123e-02 6.229211497693487445e+02 1.375718767206985831e+02
6.000000000000000000e+00 6.930061099260298008e+00 3.808411955449352959e+00 0.000000000000000000e+00 0.000000000000000000e+00 nan nan nan nan 0.000000000000000000e+00 nan nan nan nan 0.000000000000000000e+00 nan nan nan nan 0.000000000000000000e+00 nan nan nan nan
