# Pressure [bara]	Lifetime [s]	Lifetime Error [s]	Exponential Fit 2xNLL	N.d.o.f.	Time Cut High [s]	Time Cut Low [s]
2.500000000000000000e+00 6.894030134325555537e+01 4.761642435119739503e+00 1.441164426639361551e+01 9.000000000000000000e+00 1.800000000000000000e+02 0.000000000000000000e+00
2.750000000000000000e+00 6.930057769191257933e+00 3.808410125411411773e+00 2.102827431967554395e-01 9.000000000000000000e+00 1.800000000000000000e+02 0.000000000000000000e+00
3.000000000000000000e+00 7.273113529376489339e+01 7.061982105600790760e+00 7.859741916576797216e+00 9.000000000000000000e+00 1.800000000000000000e+02 0.000000000000000000e+00
3.250000000000000000e+00 6.930057769191257933e+00 3.808410125411411773e+00 2.102827431967554395e-01 9.000000000000000000e+00 1.800000000000000000e+02 0.000000000000000000e+00
3.500000000000000000e+00 9.323804700188208017e+01 1.446636364894067128e+01 1.227121771695796859e+01 9.000000000000000000e+00 1.800000000000000000e+02 0.000000000000000000e+00
3.750000000000000000e+00 6.930060717775015533e+00 6.888438731482072086e+00 6.308482295895980752e-01 9.000000000000000000e+00 1.800000000000000000e+02 0.000000000000000000e+00
4.000000000000000000e+00 2.646160014903999809e+02 8.926485735962444323e+01 6.813042828349949787e+00 9.000000000000000000e+00 1.800000000000000000e+02 0.000000000000000000e+00
4.500000000000000000e+00 7.484650333499655517e+01 1.056392089112564747e+01 3.477209931131837628e+00 9.000000000000000000e+00 1.800000000000000000e+02 0.000000000000000000e+00
4.750000000000000000e+00 6.930057769191257933e+00 3.808410125411411773e+00 2.102827431967554395e-01 9.000000000000000000e+00 1.800000000000000000e+02 0.000000000000000000e+00
5.000000000000000000e+00 8.968501211860620970e+01 1.984022790611808773e+01 7.914174801943767434e+00 9.000000000000000000e+00 1.800000000000000000e+02 0.000000000000000000e+00
5.500000000000000000e+00 6.930057769191257933e+00 3.808410125411411773e+00 2.102827431967554395e-01 9.000000000000000000e+00 1.800000000000000000e+02 0.000000000000000000e+00
