# Pressure [bara]	Lifetime [s]	Lifetime Error [s]	Exponential Fit 2xNLL	N.d.o.f.	Time Cut High [s]	Time Cut Low [s]
2.250000000000000000e+00 6.269768491358640006e+01 3.809559033287982288e+01 1.299408958689196147e+01 1.700000000000000000e+01 4.000000000000000000e+01 6.000000000000000000e+00
2.500000000000000000e+00 4.158715236384826142e+01 2.135556472738154099e+01 1.747768494168041187e+01 1.700000000000000000e+01 4.000000000000000000e+01 6.000000000000000000e+00
2.750000000000000000e+00 5.000000000000000000e+00 4.989989989989989994e+00 0.000000000000000000e+00 1.700000000000000000e+01 4.000000000000000000e+01 6.000000000000000000e+00
3.000000000000000000e+00 6.248519934461827319e+01 2.620750603142648316e+01 1.474002779602313318e+01 1.700000000000000000e+01 4.000000000000000000e+01 6.000000000000000000e+00
3.250000000000000000e+00 5.000000000000000000e+00 4.989989989989989994e+00 0.000000000000000000e+00 1.700000000000000000e+01 4.000000000000000000e+01 6.000000000000000000e+00
3.500000000000000000e+00 6.993574160952172747e+01 3.451283344694115129e+01 7.152510341671852956e+00 1.700000000000000000e+01 4.000000000000000000e+01 6.000000000000000000e+00
3.750000000000000000e+00 5.000000000000000000e+00 4.989989989989989994e+00 0.000000000000000000e+00 1.700000000000000000e+01 4.000000000000000000e+01 6.000000000000000000e+00
4.000000000000000000e+00 7.504241125002970136e+01 3.823482214841353510e+01 1.587296146406068509e+01 1.700000000000000000e+01 4.000000000000000000e+01 6.000000000000000000e+00
4.500000000000000000e+00 3.406990845633175127e+02 2.643060966332042767e+02 1.818703754057503374e+01 1.700000000000000000e+01 4.000000000000000000e+01 6.000000000000000000e+00
4.750000000000000000e+00 5.000000000000000000e+00 4.989989989989989994e+00 0.000000000000000000e+00 1.700000000000000000e+01 4.000000000000000000e+01 6.000000000000000000e+00
