# Pressure [bara]	Temperature [K]	Seitz Threshold [keV]	Eion [keV]	rion [nm]	rho_l [g/cc]	Rate [/hr]	Rate Error [/hr]	Bulk Rate [/hr]	Bulk Rate Error [/hr]	Wall Rate [/hr]	Wall Rate Error [/hr]	Dome Rate [/hr]	Dome Rate Error [/hr]	Bottom Rate [/hr]	Bottom Rate Error [/hr]
1.500000000000000000e+00 1.167000000000000028e+02 8.941449119754344421e-01 4.872794843548647892e-01 4.803372167121699121e+00 1.183965924506307665e+00 7.967118957993552897e+01 1.220189389962975923e+01 2.959215612969034126e+01 6.436887645884583620e+00 1.251975836256129782e+01 3.957994142048725017e+00 2.162503717169678552e+01 5.358575347599216165e+00 1.593423791598710615e+01 4.513645549656252420e+00
1.500000000000000000e+00 1.195999999999999943e+02 4.598182881878970507e-01 2.668860430715899734e-01 3.795139271371309242e+00 1.157230608217096668e+00 1.506798271764703259e+02 8.295686180886743699e+00 6.317161139357175159e+01 5.570391976842553383e+00 1.398060252152817462e+01 2.679848978828561989e+00 5.954701073984222148e+01 5.416192322064054210e+00 1.398060252152817462e+01 2.679848978828561989e+00
1.750000000000000000e+00 1.167000000000000028e+02 9.633292631922287796e-01 5.188257253158821136e-01 4.949846397014061594e+00 1.184160625215878282e+00 7.693372495755511409e+01 5.621783705607127146e+00 3.055778795043076812e+01 3.402763948141906081e+00 1.402063211843294077e+01 2.272728630575811870e+00 2.049169309617121826e+01 2.762004889163246268e+00 1.186361179252017983e+01 2.087435435444461085e+00
2.000000000000000000e+00 1.167000000000000028e+02 1.040505302598664805e+00 5.535618918214597617e-01 5.105409997002468003e+00 1.184355016219875267e+00 5.990872255400694968e+01 6.176775198260980204e+00 2.644016246796954661e+01 3.513970595484205539e+00 7.697768819788602279e+00 1.696470592550826550e+00 1.539553763957720456e+01 2.516624314477673430e+00 1.037525362667159534e+01 2.002812551796834484e+00
2.000000000000000000e+00 1.195999999999999943e+02 5.194761325266749052e-01 2.959324104514337028e-01 3.990805968328722919e+00 1.157681663422976071e+00 1.401063366080495598e+02 7.097661783772385213e+00 6.019131451365235819e+01 4.576611569165661031e+00 1.156217340940214910e+01 1.990428220091070566e+00 5.134965249469777859e+01 4.219522130389803394e+00 1.700319619029727747e+01 2.413836009717640785e+00
2.250000000000000000e+00 1.167000000000000028e+02 1.126908955214469321e+00 5.919321379387686433e-01 5.270935863430114665e+00 1.184549098774906550e+00 5.960700844957946742e+01 2.967305961471928377e+00 2.384280337983178910e+01 2.314588301729387787e+00 9.980708391557492121e+00 1.596359890649065028e+00 1.802072348475658359e+01 2.068154797680479273e+00 7.762773193433605279e+00 1.422310014938781064e+00
2.250000000000000000e+00 1.195999999999999943e+02 5.536006740173549101e-01 3.122910100862682503e-01 4.096274684550349043e+00 1.157906538597808455e+00 1.316883567091143163e+02 9.622872912678030133e+00 5.978954126448293493e+01 6.607114469967384274e+00 4.540977817555665652e+00 1.879387203193608524e+00 5.070758562937160008e+01 6.099341273184704093e+00 1.665025199770411035e+01 3.536179293299626103e+00
2.500000000000000000e+00 1.167000000000000028e+02 1.224018040650277639e+00 6.344604200155126161e-01 5.447412392299349371e+00 1.184742874129172785e+00 5.903832482696034134e+01 3.011112254087660478e+00 2.342281365417448313e+01 2.436696576324045349e+00 9.625813830482664812e+00 1.680354344078310636e+00 1.604302305080443958e+01 2.098411190313612451e+00 9.946674291498753817e+00 1.705287544391680177e+00
2.500000000000000000e+00 1.195999999999999943e+02 5.910772395808175927e-01 3.300613415958662533e-01 4.207377220500477577e+00 1.158130981673711979e+00 1.317003013914516600e+02 6.544781242070877525e+00 6.243569843742893966e+01 4.503173473637936297e+00 1.398299496254918850e+01 2.133884456678541319e+00 3.967268338211630407e+01 3.589372356436375533e+00 1.560892460935723491e+01 2.253928810461216514e+00
2.750000000000000000e+00 1.167000000000000028e+02 1.333610081481736875e+00 6.817682425086102338e-01 5.635963154708735878e+00 1.184936343522541957e+00 7.307096910154061220e+01 1.309279626544121200e+01 1.043870987164865838e+01 9.791050391188584001e+00 5.219354935824329544e+01 1.508307140838837768e+01 0.000000000000000000e+00 4.566935568846288263e+00 1.043870987164865838e+01 9.791050391188584001e+00
3.000000000000000000e+00 1.167000000000000028e+02 1.457836740123748864e+00 7.345972349339885410e-01 5.837870935265596195e+00 1.185129508186626213e+00 5.297608971394218713e+01 2.643330635954510566e+00 2.261900459696407850e+01 2.260586585340118582e+00 4.166658741546014788e+00 1.093129177963993781e+00 1.755949041080106099e+01 2.060201932148840509e+00 8.630935964631030188e+00 1.527622062261696279e+00
3.000000000000000000e+00 1.195999999999999943e+02 6.779188629558312584e-01 3.705313420448321793e-01 4.448390440348896746e+00 1.158578579984435253e+00 1.045726890812128715e+02 5.665005565025280632e+00 4.626873455511464783e+01 3.628304814136080747e+00 8.558378646032767989e+00 1.524349138878885679e+00 3.851270390714745417e+01 3.293060002864566016e+00 1.123287197291800688e+01 1.748124805653576308e+00
3.500000000000000000e+00 1.167000000000000028e+02 1.761279285559721020e+00 8.605671271104086140e-01 6.287866300841336020e+00 1.185514928212589636e+00 4.753906908421696897e+01 3.244646013694042264e+00 0.000000000000000000e+00 4.753906908421696720e+00 4.753906908421696897e+01 5.755637119218008024e+00 0.000000000000000000e+00 4.753906908421696720e+00 0.000000000000000000e+00 4.753906908421696720e+00
3.500000000000000000e+00 1.195999999999999943e+02 7.844852772759595139e-01 4.190147164076383213e-01 4.718228845286406070e+00 1.159024475096785967e+00 7.681025301776895731e+01 9.764666800056710727e+00 3.942473163743893849e+01 6.168372803462997211e+00 6.117630771326730610e+00 2.116286257788115410e+00 2.650973334241583501e+01 4.802651704848670988e+00 4.758157266587457634e+00 1.860196802570881713e+00
4.000000000000000000e+00 1.167000000000000028e+02 2.163539775039333257e+00 1.022034697837291395e+00 6.812136423865882584e+00 1.185899143897797936e+00 3.634765741825334828e+01 2.558970287074370464e+00 1.363037153184500561e+01 2.028612751846614159e+00 4.543457177281668535e+00 1.269552900737681345e+00 1.438761439472528281e+01 2.069972405015080508e+00 3.786214314401390446e+00 1.167916852124676108e+00
4.000000000000000000e+00 1.195999999999999943e+02 9.169869609564831325e-01 4.777715709002781641e-01 5.022390369908474206e+00 1.159468683485036067e+00 8.404293452965501388e+01 4.512420900346361563e+00 3.610582381492460513e+01 2.819423949418191189e+00 9.179446732607949855e+00 1.383174459132376244e+00 3.039416807019076927e+01 2.571412109093333953e+00 8.363495911931687843e+00 1.319409972250477958e+00
4.500000000000000000e+00 1.167000000000000028e+02 2.710223411385844106e+00 1.233610579184484024e+00 7.430721018748026374e+00 1.186282164805755768e+00 3.874525515182162394e+01 3.288410707115383858e+00 1.291508505060720680e+01 9.338493883254496808e+00 0.000000000000000000e+00 4.843156893977702993e+00 2.583017010121441359e+01 9.529533899084748683e+00 0.000000000000000000e+00 4.843156893977702993e+00
4.500000000000000000e+00 1.195999999999999943e+02 1.084202336206221640e+00 5.499151294760328268e-01 5.367866018282687612e+00 1.159911221362039946e+00 6.328513072823438534e+01 8.678741651419525027e+00 2.531405229129375556e+01 4.510043061059473501e+00 6.603665815120109528e+00 2.023237259620597417e+00 2.641466326048043811e+01 4.638955721094469631e+00 4.952749361340083034e+00 1.733443283789751543e+00
5.000000000000000000e+00 1.167000000000000028e+02 3.475391362230860093e+00 1.518204813603735381e+00 8.171581339705893399e+00 1.186664000375069250e+00 4.014074806502446080e+01 8.879985307678081696e+00 0.000000000000000000e+00 6.690124677504076800e+00 0.000000000000000000e+00 6.690124677504076800e+00 4.014074806502446080e+01 1.111808919127417461e+01 0.000000000000000000e+00 6.690124677504076800e+00
5.000000000000000000e+00 1.195999999999999943e+02 1.298829194074205606e+00 6.398273366751998648e-01 5.763683680734500214e+00 1.160352104685009600e+00 6.180544777790436228e+01 4.221646701529447654e+00 2.809338535359288969e+01 2.450230621827893973e+00 5.922389344811474388e+00 9.892288326376726948e-01 2.186728373468852027e+01 2.090939856463823521e+00 5.922389344811474388e+00 9.892288326376726948e-01
