# Pressure [bara]	Lifetime [s]	Lifetime Error [s]	Exponential Fit 2xNLL	N.d.o.f.	Time Cut High [s]	Time Cut Low [s]
1.500000000000000000e+00 2.475386144893456120e+01 3.939803774154750471e+00 2.065928553534484280e+01 2.000000000000000000e+01 4.000000000000000000e+01 0.000000000000000000e+00
1.750000000000000000e+00 6.930062449145079073e-01 6.888440452453515883e-01 6.308482296211428419e-01 2.000000000000000000e+01 4.000000000000000000e+01 0.000000000000000000e+00
2.000000000000000000e+00 2.845080978320139309e+01 4.243414071768775386e+00 1.181855862624670905e+01 2.000000000000000000e+01 4.000000000000000000e+01 0.000000000000000000e+00
2.250000000000000000e+00 6.930061174625555820e-01 3.433814095535184796e-01 1.682261945656140512e+00 2.000000000000000000e+01 4.000000000000000000e+01 0.000000000000000000e+00
2.500000000000000000e+00 2.513619649359570829e+01 5.812273663684294434e+00 2.097276230206600900e+01 2.000000000000000000e+01 4.000000000000000000e+01 0.000000000000000000e+00
2.750000000000000000e+00 6.930061270275225116e-01 2.795610302223138222e-01 2.313110175277197200e+00 2.000000000000000000e+01 4.000000000000000000e+01 0.000000000000000000e+00
3.000000000000000000e+00 4.987082014388489171e+01 7.837556318908831088e+00 1.704474097171637936e+01 2.000000000000000000e+01 4.000000000000000000e+01 0.000000000000000000e+00
3.250000000000000000e+00 6.930061363893562643e-01 3.184082248275419413e-01 1.892544688863164737e+00 2.000000000000000000e+01 4.000000000000000000e+01 0.000000000000000000e+00
3.500000000000000000e+00 6.930061363893562643e-01 3.184082248275419413e-01 1.892544688863164737e+00 2.000000000000000000e+01 4.000000000000000000e+01 0.000000000000000000e+00
3.750000000000000000e+00 6.930061203976499717e-01 3.752916027378664365e-01 1.471979202449123836e+00 2.000000000000000000e+01 4.000000000000000000e+01 0.000000000000000000e+00
4.000000000000000000e+00 5.142318319221885758e+01 3.320115431329445244e+01 2.075904483788449184e+01 2.000000000000000000e+01 4.000000000000000000e+01 0.000000000000000000e+00
4.250000000000000000e+00 6.930061270275225116e-01 2.795610302223138222e-01 2.313110175277197200e+00 2.000000000000000000e+01 4.000000000000000000e+01 0.000000000000000000e+00
4.500000000000000000e+00 6.930061119089869770e-01 4.724095717818019846e-01 1.051413716035088708e+00 2.000000000000000000e+01 4.000000000000000000e+01 0.000000000000000000e+00
4.750000000000000000e+00 6.930061859924734335e-01 2.518130585738417304e-01 8.411309728281040066e-01 2.000000000000000000e+01 4.000000000000000000e+01 0.000000000000000000e+00
5.000000000000000000e+00 4.107911709627443742e+01 2.413757931482792429e+01 1.141216302687030293e+01 2.000000000000000000e+01 4.000000000000000000e+01 0.000000000000000000e+00
5.750000000000000000e+00 2.887778607917749429e+00 1.691041527159042435e+00 2.772981102587396496e+00 2.000000000000000000e+01 4.000000000000000000e+01 0.000000000000000000e+00
