# Pressure [bara]	Lifetime [s]	Lifetime Error [s]	Exponential Fit 2xNLL	N.d.o.f.	Time Cut High [s]	Time Cut Low [s]
1.500000000000000000e+00 2.091553811099945648e+01 1.863346238117067344e+00 1.316691227707314837e+01 1.700000000000000000e+01 1.800000000000000000e+02 1.000000000000000000e+01
1.750000000000000000e+00 2.500000000000000000e+01 2.494994994994994997e+01 0.000000000000000000e+00 1.700000000000000000e+01 1.800000000000000000e+02 1.000000000000000000e+01
2.000000000000000000e+00 2.550268250910189849e+01 1.965672225426274622e+00 1.359162477128562507e+01 1.700000000000000000e+01 1.800000000000000000e+02 1.000000000000000000e+01
2.250000000000000000e+00 2.500000000000000000e+01 2.494994994994994997e+01 0.000000000000000000e+00 1.700000000000000000e+01 1.800000000000000000e+02 1.000000000000000000e+01
2.500000000000000000e+00 2.969123378548429670e+01 2.466839243438634810e+00 8.540876923645079444e+00 1.700000000000000000e+01 1.800000000000000000e+02 1.000000000000000000e+01
2.750000000000000000e+00 2.500000000000000000e+01 2.494994994994994997e+01 0.000000000000000000e+00 1.700000000000000000e+01 1.800000000000000000e+02 1.000000000000000000e+01
3.000000000000000000e+00 3.319849704532055767e+01 2.957623860894422307e+00 1.763202895676280946e+01 1.700000000000000000e+01 1.800000000000000000e+02 1.000000000000000000e+01
3.250000000000000000e+00 2.500000000000000000e+01 2.494994994994994997e+01 0.000000000000000000e+00 1.700000000000000000e+01 1.800000000000000000e+02 1.000000000000000000e+01
3.500000000000000000e+00 2.500000000000000000e+01 2.494994994994994997e+01 0.000000000000000000e+00 1.700000000000000000e+01 1.800000000000000000e+02 1.000000000000000000e+01
3.750000000000000000e+00 2.500000000000000000e+01 2.494994994994994997e+01 0.000000000000000000e+00 1.700000000000000000e+01 1.800000000000000000e+02 1.000000000000000000e+01
4.000000000000000000e+00 4.651749980844304133e+01 3.957945429146803917e+00 1.576397521176177463e+01 1.700000000000000000e+01 1.800000000000000000e+02 1.000000000000000000e+01
4.250000000000000000e+00 2.500000000000000000e+01 2.494994994994994997e+01 0.000000000000000000e+00 1.700000000000000000e+01 1.800000000000000000e+02 1.000000000000000000e+01
4.500000000000000000e+00 2.500000000000000000e+01 2.494994994994994997e+01 0.000000000000000000e+00 1.700000000000000000e+01 1.800000000000000000e+02 1.000000000000000000e+01
5.000000000000000000e+00 6.817769285440037663e+01 7.302315450871716962e+00 1.957033438213047916e+01 1.700000000000000000e+01 1.800000000000000000e+02 1.000000000000000000e+01
6.000000000000000000e+00 2.500000000000000000e+01 2.494994994994994997e+01 0.000000000000000000e+00 1.700000000000000000e+01 1.800000000000000000e+02 1.000000000000000000e+01
