# Pressure [bara]	Lifetime [s]	Lifetime Error [s]	N quality events	N Bulk	Bulk Fraction	Bulk Fraction Error	Bulk Lifetime [s]	Bulk Lifetime Error [s]	N Wall	Wall Fraction	Wall Fraction Error	Wall Lifetime [s]	Wall Lifetime Error [s]	N Dome	Dome Fraction	Dome Fraction Error	Dome Lifetime [s]	Dome Lifetime Error [s]	N Bottom	Bottom Fraction	Bottom Fraction Error	Bottom Lifetime [s]	Bottom Lifetime Error [s]
2.000000000000000000e+00 2.131871731323134611e+01 1.685864532277552286e+00 1.540000000000000000e+02 6.800000000000000000e+01 4.415584415584415390e-01 3.988747229857324272e-02 4.828062450349452206e+01 5.796414754231861366e+00 1.000000000000000000e+01 6.493506493506492894e-02 1.999026750777065098e-02 3.283082466237627841e+02 1.043510070168402848e+02 5.600000000000000000e+01 3.636363636363636465e-01 3.864853431150017810e-02 5.862647261138619825e+01 7.766553240046130568e+00 2.000000000000000000e+01 1.298701298701298579e-01 2.710644789118868067e-02 1.641541233118813921e+02 3.663888868182597491e+01
2.250000000000000000e+00 2.733726876060896060e+01 1.997618237762218030e+00 1.660000000000000000e+02 7.700000000000000000e+01 4.638554216867469826e-01 3.859054151714398639e-02 5.893489109429983586e+01 6.525855517970448716e+00 5.000000000000000000e+00 3.012048192771084321e-02 1.352206334402794065e-02 9.075973228522175305e+02 4.128122055364971743e+02 6.200000000000000000e+01 3.734939759036144391e-01 3.743993647716435669e-02 7.319333248808206349e+01 9.079577545597027566e+00 2.200000000000000000e+01 1.325301204819277212e-01 2.632983726148203571e-02 2.062721188300494077e+02 4.366429359663991505e+01
2.500000000000000000e+00 2.968573672922477513e+01 1.990935296154212608e+00 2.510000000000000000e+02 1.120000000000000000e+02 4.462151394422310680e-01 3.131500655679959194e-02 6.652785641995909316e+01 6.458037896597226712e+00 2.900000000000000000e+01 1.155378486055776838e-01 2.019502200874222220e-02 2.569351696219109726e+02 4.810250744678783263e+01 7.700000000000000000e+01 3.067729083665338696e-01 2.906010824616669930e-02 9.676779115630414196e+01 1.123151122940178759e+01 3.300000000000000000e+01 1.314741035856573648e-01 2.133701582301140640e-02 2.257915126980429932e+02 3.964955658404414862e+01
2.750000000000000000e+00 6.930061099260298008e+00 3.142460138103018163e+00 2.000000000000000000e+00 0.000000000000000000e+00 0.000000000000000000e+00 1.666666666666666574e-01 inf inf 0.000000000000000000e+00 0.000000000000000000e+00 1.666666666666666574e-01 inf inf 2.000000000000000000e+00 1.000000000000000000e+00 1.666666666666666574e-01 6.930061099260298008e+00 3.348000036273199864e+00 0.000000000000000000e+00 0.000000000000000000e+00 1.666666666666666574e-01 inf inf
3.000000000000000000e+00 3.309717064882777748e+01 2.285990765534648972e+00 2.350000000000000000e+02 1.030000000000000000e+02 4.382978723404255539e-01 3.229951063835655861e-02 7.551296215994686634e+01 7.626885115661099945e+00 1.800000000000000000e+01 7.659574468085106336e-02 1.740451677098828545e-02 4.321019501374737501e+02 1.026203703671662879e+02 9.000000000000000000e+01 3.829787234042553168e-01 3.164715735215422460e-02 8.642039002749474719e+01 9.307341446004064878e+00 2.400000000000000000e+01 1.021276595744680799e-01 1.978361477511943536e-02 3.240764626031053126e+02 6.664943291463178809e+01
3.250000000000000000e+00 6.930061099281861203e+00 3.752915970682169089e+00 6.000000000000000000e+00 5.000000000000000000e+00 8.333333333333333703e-01 1.486904285332951714e-01 8.316073319138233444e+00 4.741649522139436357e+00 0.000000000000000000e+00 0.000000000000000000e+00 7.142857142857142461e-02 inf inf 1.000000000000000000e+00 1.666666666666666574e-01 1.486904285332951992e-01 4.158036659569116722e+01 4.339495688141771268e+01 0.000000000000000000e+00 0.000000000000000000e+00 7.142857142857142461e-02 inf inf
3.500000000000000000e+00 4.686874288992630966e+01 5.958288635656295185e+00 1.040000000000000000e+02 5.400000000000000000e+01 5.192307692307692735e-01 4.875924328817290987e-02 9.026572704726547158e+01 1.426648974272453430e+01 7.000000000000000000e+00 6.730769230769230449e-02 2.479639750340850365e-02 6.963356086503338247e+02 2.713766775255921857e+02 3.600000000000000000e+01 3.461538461538461453e-01 4.645087282554564295e-02 1.353985905708982216e+02 2.502810665181443639e+01 7.000000000000000000e+00 6.730769230769230449e-02 2.479639750340850365e-02 6.963356086503338247e+02 2.713766775255921857e+02
3.750000000000000000e+00 6.930061099260298008e+00 2.518130309340829598e+00 4.000000000000000000e+00 0.000000000000000000e+00 0.000000000000000000e+00 1.000000000000000056e-01 inf inf 1.000000000000000000e+00 2.500000000000000000e-01 2.000000000000000111e-01 2.772024439704119203e+01 2.435650491580060617e+01 2.000000000000000000e+00 5.000000000000000000e-01 2.236067977499789916e-01 1.386012219852059602e+01 7.986521050549385770e+00 1.000000000000000000e+00 2.500000000000000000e-01 2.000000000000000111e-01 2.772024439704119203e+01 2.435650491580060617e+01
4.000000000000000000e+00 4.162572044844324637e+01 3.041719312048407176e+00 2.520000000000000000e+02 1.010000000000000000e+02 4.007936507936508130e-01 3.081225829329413413e-02 1.038582331980960163e+02 1.101578888962124836e+01 2.800000000000000000e+01 1.111111111111111049e-01 1.981766660934298346e-02 3.746314840359892173e+02 7.220928969427366440e+01 9.100000000000000000e+01 3.611111111111111049e-01 3.020261761883438409e-02 1.152712258572274493e+02 1.280236924607048188e+01 3.200000000000000000e+01 1.269841269841269771e-01 2.098457199875891632e-02 3.278025485314905723e+02 5.923020587116539559e+01
4.250000000000000000e+00 6.930061099220456100e+00 2.975972183749325595e+00 1.000000000000000000e+01 3.000000000000000000e+00 2.999999999999999889e-01 1.393609974250535344e-01 2.310020366406818937e+01 1.461357556880634334e+01 0.000000000000000000e+00 0.000000000000000000e+00 4.545454545454545581e-02 inf inf 6.000000000000000000e+00 5.999999999999999778e-01 1.479892781463609530e-01 1.155010183203409468e+01 5.719869597490990998e+00 1.000000000000000000e+00 1.000000000000000056e-01 9.748913904330554214e-02 6.930061099220455390e+01 7.382459975195624224e+01
4.500000000000000000e+00 5.688540038669582088e+01 7.801100953931253912e+00 1.090000000000000000e+02 4.500000000000000000e+01 4.128440366972477293e-01 4.694996312113942222e-02 1.377890809366631970e+02 2.454795547604717143e+01 1.100000000000000000e+01 1.009174311926605561e-01 2.894838418374413164e-02 5.636826038318040446e+02 1.792216070928363649e+02 4.500000000000000000e+01 4.128440366972477293e-01 4.694996312113942222e-02 1.377890809366631970e+02 2.454795547604717143e+01 8.000000000000000000e+00 7.339449541284404077e-02 2.516531135501434702e-02 7.750635802687305613e+02 2.862194299056922659e+02
4.750000000000000000e+00 6.930061099256073831e+00 6.888439110671953358e+00 3.000000000000000000e+00 0.000000000000000000e+00 0.000000000000000000e+00 1.250000000000000000e-01 inf inf 1.000000000000000000e+00 3.333333333333333148e-01 2.393567769390845257e-01 2.079018329776822327e+01 2.549362316069666790e+01 1.000000000000000000e+00 3.333333333333333148e-01 2.393567769390845257e-01 2.079018329776822327e+01 2.549362316069666790e+01 1.000000000000000000e+00 3.333333333333333148e-01 2.393567769390845257e-01 2.079018329776822327e+01 2.549362316069666790e+01
5.000000000000000000e+00 5.519712521638901137e+01 4.585947340300592145e+00 2.670000000000000000e+02 1.270000000000000000e+02 4.756554307116104829e-01 3.050627249893285778e-02 1.160443498643768976e+02 1.217975258462784183e+01 2.500000000000000000e+01 9.363295880149813399e-02 1.785952650504291778e-02 5.895052973110346102e+02 1.226460752705779100e+02 9.100000000000000000e+01 3.408239700374531833e-01 2.895941141596914542e-02 1.619520047557787450e+02 1.924607227115544106e+01 2.400000000000000000e+01 8.988764044943819975e-02 1.753838383094672229e-02 6.140680180323278137e+02 1.302236523863658704e+02
5.500000000000000000e+00 6.930061099260298008e+00 3.808411955449352959e+00 1.000000000000000000e+00 0.000000000000000000e+00 0.000000000000000000e+00 2.500000000000000000e-01 inf inf 1.000000000000000000e+00 1.000000000000000000e+00 2.500000000000000000e-01 6.930061099260298008e+00 4.183970697779457737e+00 0.000000000000000000e+00 0.000000000000000000e+00 2.500000000000000000e-01 inf inf 0.000000000000000000e+00 0.000000000000000000e+00 2.500000000000000000e-01 inf inf
5.750000000000000000e+00 6.930061099260298008e+00 3.808411955449352959e+00 0.000000000000000000e+00 0.000000000000000000e+00 nan nan nan nan 0.000000000000000000e+00 nan nan nan nan 0.000000000000000000e+00 nan nan nan nan 0.000000000000000000e+00 nan nan nan nan
