# Pressure [bara]	Lifetime [s]	Lifetime Error [s]	N quality events	N Bulk	Bulk Fraction	Bulk Fraction Error	Bulk Lifetime [s]	Bulk Lifetime Error [s]	N Wall	Wall Fraction	Wall Fraction Error	Wall Lifetime [s]	Wall Lifetime Error [s]	N Dome	Dome Fraction	Dome Fraction Error	Dome Lifetime [s]	Dome Lifetime Error [s]	N Bottom	Bottom Fraction	Bottom Fraction Error	Bottom Lifetime [s]	Bottom Lifetime Error [s]
2.250000000000000000e+00 5.760596527413731138e+01 5.939353777013160141e+00 1.770000000000000000e+02 6.200000000000000000e+01 3.502824858757062065e-01 3.576692612645945846e-02 1.644557395729403879e+02 2.386391503430187200e+01 1.400000000000000000e+01 7.909604519774011966e-02 2.036674179683016506e-02 7.283039895373074160e+02 2.020086188919483448e+02 8.000000000000000000e+01 4.519774011299435013e-01 3.730430480995473169e-02 1.274531981690287950e+02 1.683270480947727066e+01 2.100000000000000000e+01 1.186440677966101725e-01 2.433205319187491458e-02 4.855359930248716296e+02 1.114512741905718656e+02
2.500000000000000000e+00 6.359948491852545516e+01 6.429977954725806910e+00 2.170000000000000000e+02 6.800000000000000000e+01 3.133640552995391459e-01 3.142829383514830766e-02 2.029571798135297911e+02 2.890281622271335493e+01 3.300000000000000000e+01 1.520737327188940169e-01 2.437311273267879497e-02 4.182147947672734176e+02 7.924971102401032397e+01 9.600000000000000000e+01 4.423963133640553269e-01 3.363982433470005806e-02 1.437613357012502320e+02 1.818652902184863862e+01 2.000000000000000000e+01 9.216589861751152413e-02 1.968027947279456583e-02 6.900544113660012044e+02 1.630295488335919742e+02
2.750000000000000000e+00 6.930061099260298008e+00 3.142460138103018163e+00 2.000000000000000000e+00 0.000000000000000000e+00 0.000000000000000000e+00 1.666666666666666574e-01 inf inf 2.000000000000000000e+00 1.000000000000000000e+00 1.666666666666666574e-01 6.930061099260298008e+00 3.348000036273199864e+00 0.000000000000000000e+00 0.000000000000000000e+00 1.666666666666666574e-01 inf inf 0.000000000000000000e+00 0.000000000000000000e+00 1.666666666666666574e-01 inf inf
3.000000000000000000e+00 7.398021083389031105e+01 8.960566076977713124e+00 1.800000000000000000e+02 5.900000000000000000e+01 3.277777777777777790e-01 3.490344822241512462e-02 2.257023381372924860e+02 3.639998789939133417e+01 1.700000000000000000e+01 9.444444444444444198e-02 2.185251856234449522e-02 7.833198794176621504e+02 2.045752742564189930e+02 8.600000000000000000e+01 4.777777777777778012e-01 3.712818627927746973e-02 1.548423017453518185e+02 2.228287491539720833e+01 1.800000000000000000e+01 1.000000000000000056e-01 2.240806606704226142e-02 7.398021083389030537e+02 1.884426690503375426e+02
3.250000000000000000e+00 6.930061099256073831e+00 6.888439110671953358e+00 2.000000000000000000e+00 2.000000000000000000e+00 1.000000000000000000e+00 1.666666666666666574e-01 6.930061099256073831e+00 6.984600339658117996e+00 0.000000000000000000e+00 0.000000000000000000e+00 1.666666666666666574e-01 inf inf 0.000000000000000000e+00 0.000000000000000000e+00 1.666666666666666574e-01 inf inf 0.000000000000000000e+00 0.000000000000000000e+00 1.666666666666666574e-01 inf inf
3.500000000000000000e+00 9.169367324775646466e+01 1.330889151243711410e+01 1.660000000000000000e+02 5.100000000000000000e+01 3.072289156626505924e-01 3.571861321839178011e-02 2.984539168456386733e+02 5.550250854543804735e+01 2.700000000000000000e+01 1.626506024096385505e-01 2.862903855486824412e-02 5.637462873750953349e+02 1.286139855838929122e+02 6.800000000000000000e+01 4.096385542168674565e-01 3.805792169889646998e-02 2.238404376342290334e+02 3.857509039766738823e+01 2.000000000000000000e+01 1.204819277108433728e-01 2.529212696740440816e-02 7.610574879563786226e+02 1.942344456294682971e+02
3.750000000000000000e+00 6.930061099256073831e+00 6.888439110671953358e+00 3.000000000000000000e+00 1.000000000000000000e+00 3.333333333333333148e-01 2.393567769390845257e-01 2.079018329776822327e+01 2.549362316069666790e+01 0.000000000000000000e+00 0.000000000000000000e+00 1.250000000000000000e-01 inf inf 2.000000000000000000e+00 6.666666666666666297e-01 2.393567769390845257e-01 1.039509164888411163e+01 1.098604467938289275e+01 0.000000000000000000e+00 0.000000000000000000e+00 1.250000000000000000e-01 inf inf
4.000000000000000000e+00 1.110864791565689700e+02 2.057157021417944520e+01 1.480000000000000000e+02 5.400000000000000000e+01 3.648648648648648574e-01 3.944761675557887509e-02 3.044592391698557208e+02 6.528684905891675783e+01 2.400000000000000000e+01 1.621621621621621712e-01 3.028185250078262170e-02 6.850332881321752438e+02 1.801581119257750174e+02 5.200000000000000000e+01 3.513513513513513709e-01 3.912223808299306049e-02 3.161692099071578355e+02 6.831882549550634565e+01 1.800000000000000000e+01 1.216216216216216284e-01 2.689660498306280581e-02 9.133777175095669918e+02 2.634597056086769840e+02
4.250000000000000000e+00 6.930061099260298008e+00 3.142460138103018163e+00 2.000000000000000000e+00 0.000000000000000000e+00 0.000000000000000000e+00 1.666666666666666574e-01 inf inf 0.000000000000000000e+00 0.000000000000000000e+00 1.666666666666666574e-01 inf inf 2.000000000000000000e+00 1.000000000000000000e+00 1.666666666666666574e-01 6.930061099260298008e+00 3.348000036273199864e+00 0.000000000000000000e+00 0.000000000000000000e+00 1.666666666666666574e-01 inf inf
4.500000000000000000e+00 1.768918779309072420e+02 5.471430458523556695e+01 1.390000000000000000e+02 5.000000000000000000e+01 3.597122302158273222e-01 4.057267885976452437e-02 4.917594206479221270e+02 1.619033744126896579e+02 1.400000000000000000e+01 1.007194244604316530e-01 2.559488953450210144e-02 1.756283645171150511e+03 7.030611466277691761e+02 5.300000000000000000e+01 3.812949640287769948e-01 4.105830032819858533e-02 4.639239817433227699e+02 1.519430650670168745e+02 2.200000000000000000e+01 1.582733812949640162e-01 3.094430943326367117e-02 1.117635046927095800e+03 4.089644908760517978e+02
4.750000000000000000e+00 6.930061099256073831e+00 6.888439110671953358e+00 2.000000000000000000e+00 1.000000000000000000e+00 5.000000000000000000e-01 2.886751345948128655e-01 1.386012219851214766e+01 1.593225353316252679e+01 1.000000000000000000e+00 5.000000000000000000e-01 2.886751345948128655e-01 1.386012219851214766e+01 1.593225353316252679e+01 0.000000000000000000e+00 0.000000000000000000e+00 1.666666666666666574e-01 inf inf 0.000000000000000000e+00 0.000000000000000000e+00 1.666666666666666574e-01 inf inf
5.000000000000000000e+00 6.930061099260298008e+00 3.142460138103018163e+00 1.000000000000000000e+00 0.000000000000000000e+00 0.000000000000000000e+00 2.500000000000000000e-01 inf inf 0.000000000000000000e+00 0.000000000000000000e+00 2.500000000000000000e-01 inf inf 0.000000000000000000e+00 0.000000000000000000e+00 2.500000000000000000e-01 inf inf 1.000000000000000000e+00 1.000000000000000000e+00 2.500000000000000000e-01 6.930061099260298008e+00 3.588407013848065485e+00
5.250000000000000000e+00 6.930061099260298008e+00 3.808411955449352959e+00 1.000000000000000000e+00 0.000000000000000000e+00 0.000000000000000000e+00 2.500000000000000000e-01 inf inf 0.000000000000000000e+00 0.000000000000000000e+00 2.500000000000000000e-01 inf inf 1.000000000000000000e+00 1.000000000000000000e+00 2.500000000000000000e-01 6.930061099260298008e+00 4.183970697779457737e+00 0.000000000000000000e+00 0.000000000000000000e+00 2.500000000000000000e-01 inf inf
5.500000000000000000e+00 6.930061099260298008e+00 3.142460138103018163e+00 2.000000000000000000e+00 1.000000000000000000e+00 5.000000000000000000e-01 2.886751345948128655e-01 1.386012219852059602e+01 1.017519297102387021e+01 0.000000000000000000e+00 0.000000000000000000e+00 1.666666666666666574e-01 inf inf 1.000000000000000000e+00 5.000000000000000000e-01 2.886751345948128655e-01 1.386012219852059602e+01 1.017519297102387021e+01 0.000000000000000000e+00 0.000000000000000000e+00 1.666666666666666574e-01 inf inf
