# Pressure [bara]	Lifetime [s]	Lifetime Error [s]	N quality events	N Bulk	Bulk Fraction	Bulk Fraction Error	Bulk Lifetime [s]	Bulk Lifetime Error [s]	N Wall	Wall Fraction	Wall Fraction Error	Wall Lifetime [s]	Wall Lifetime Error [s]	N Dome	Dome Fraction	Dome Fraction Error	Dome Lifetime [s]	Dome Lifetime Error [s]	N Bottom	Bottom Fraction	Bottom Fraction Error	Bottom Lifetime [s]	Bottom Lifetime Error [s]
2.500000000000000000e+00 5.998052825529227761e+01 9.306288167738038908e+00 9.900000000000000000e+01 1.600000000000000000e+01 1.616161616161616299e-01 3.696503944829684224e-02 3.711295185796209353e+02 1.025731769604742567e+02 1.400000000000000000e+01 1.414141414141414088e-01 3.502884814007166392e-02 4.241480212338525462e+02 1.239720110445568224e+02 5.900000000000000000e+01 5.959595959595959114e-01 4.907991833569391033e-02 1.006452931741345083e+02 1.767904859718224131e+01 1.000000000000000000e+01 1.010101010101010083e-01 3.039720215726932767e-02 5.938072297273935192e+02 2.010485823138702699e+02
2.750000000000000000e+00 6.930061099260298008e+00 3.808411955449352959e+00 1.000000000000000000e+00 0.000000000000000000e+00 0.000000000000000000e+00 2.500000000000000000e-01 inf inf 1.000000000000000000e+00 1.000000000000000000e+00 2.500000000000000000e-01 6.930061099260298008e+00 4.183970697779457737e+00 0.000000000000000000e+00 0.000000000000000000e+00 2.500000000000000000e-01 inf inf 0.000000000000000000e+00 0.000000000000000000e+00 2.500000000000000000e-01 inf inf
3.000000000000000000e+00 6.638481595132857649e+01 8.572213471192576151e+00 9.300000000000000000e+01 2.400000000000000000e+01 2.580645161290322509e-01 4.520519537732104604e-02 2.572411618113982286e+02 5.598108332150829369e+01 6.000000000000000000e+00 6.451612903225806273e-02 2.575897094565486600e-02 1.028964647245592914e+03 4.317804826969171472e+02 5.600000000000000000e+01 6.021505376344086224e-01 5.049502560836865300e-02 1.102462122048849551e+02 1.697450312521069193e+01 7.000000000000000000e+00 7.526881720430107781e-02 2.758401766847032657e-02 8.819696976390796408e+02 3.426960970354348319e+02
3.250000000000000000e+00 6.930061099260298008e+00 3.808411955449352959e+00 1.000000000000000000e+00 0.000000000000000000e+00 0.000000000000000000e+00 2.500000000000000000e-01 inf inf 0.000000000000000000e+00 0.000000000000000000e+00 2.500000000000000000e-01 inf inf 0.000000000000000000e+00 0.000000000000000000e+00 2.500000000000000000e-01 inf inf 1.000000000000000000e+00 1.000000000000000000e+00 2.500000000000000000e-01 6.930061099260298008e+00 4.183970697779457737e+00
3.500000000000000000e+00 9.323679878577412694e+01 1.446616998177677260e+01 9.400000000000000000e+01 1.900000000000000000e+01 2.021276595744680715e-01 4.132108510223383296e-02 4.612767939927773000e+02 1.183828993244151917e+02 9.000000000000000000e+00 9.574468085106382920e-02 3.048690354552185261e-02 9.738065650958631068e+02 3.449305269990899774e+02 5.400000000000000000e+01 5.744680851063830307e-01 5.073282731904977388e-02 1.623010941826438227e+02 2.897529349858478653e+01 1.200000000000000000e+01 1.276595744680850963e-01 3.446156493502532114e-02 7.303549238218973869e+02 2.274038894693612747e+02
3.750000000000000000e+00 6.930061099256073831e+00 6.888439110671953358e+00 3.000000000000000000e+00 0.000000000000000000e+00 0.000000000000000000e+00 1.250000000000000000e-01 inf inf 0.000000000000000000e+00 0.000000000000000000e+00 1.250000000000000000e-01 inf inf 0.000000000000000000e+00 0.000000000000000000e+00 1.250000000000000000e-01 inf inf 3.000000000000000000e+00 1.000000000000000000e+00 1.250000000000000000e-01 6.930061099256073831e+00 6.942693690189780220e+00
4.000000000000000000e+00 2.646081197033095123e+02 8.926219853855386077e+01 8.600000000000000000e+01 2.300000000000000000e+01 2.674418604651162545e-01 4.752958651798123296e-02 9.894042736732443473e+02 3.772481040630069060e+02 7.000000000000000000e+00 8.139534883720930813e-02 2.970821363212962016e-02 3.250899756354945112e+03 1.615706059386356401e+03 4.800000000000000000e+01 5.581395348837209225e-01 5.324619110229407426e-02 4.740895478017628761e+02 1.662003588347340610e+02 8.000000000000000000e+00 9.302325581395348708e-02 3.149050643353323159e-02 2.844537286810577370e+03 1.359421787909088607e+03
4.500000000000000000e+00 7.484655471671182170e+01 1.056392814319957552e+01 9.400000000000000000e+01 2.200000000000000000e+01 2.340425531914893664e-01 4.352992899123504095e-02 3.197989156077686630e+02 7.466716780501845108e+01 9.000000000000000000e+00 9.574468085106382920e-02 3.048690354552185261e-02 7.817306825967679060e+02 2.722750517563176800e+02 5.600000000000000000e+01 5.957446808510638014e-01 5.035970102413174498e-02 1.256352882744805584e+02 2.066940705564911696e+01 7.000000000000000000e+00 7.446808510638297518e-02 2.730503470312926548e-02 1.005082306195844467e+03 3.948911425766231673e+02
4.750000000000000000e+00 6.930061099260298008e+00 3.808411955449352959e+00 1.000000000000000000e+00 1.000000000000000000e+00 1.000000000000000000e+00 2.500000000000000000e-01 6.930061099260298008e+00 4.183970697779457737e+00 0.000000000000000000e+00 0.000000000000000000e+00 2.500000000000000000e-01 inf inf 0.000000000000000000e+00 0.000000000000000000e+00 2.500000000000000000e-01 inf inf 0.000000000000000000e+00 0.000000000000000000e+00 2.500000000000000000e-01 inf inf
5.000000000000000000e+00 8.968442726000817800e+01 1.984009852298478904e+01 1.010000000000000000e+02 2.800000000000000000e+01 2.772277227722772519e-01 4.437574152861623739e-02 3.235045411878866162e+02 8.833576762727074083e+01 1.100000000000000000e+01 1.089108910891089105e-01 3.108319410221391244e-02 8.234661048418932978e+02 2.973523720177472569e+02 4.900000000000000000e+01 4.851485148514851353e-01 4.948574718618379414e-02 1.848597378216495031e+02 4.503263669680286085e+01 1.300000000000000000e+01 1.287128712871287162e-01 3.335744899461336871e-02 6.967790117892942590e+02 2.374203555047578220e+02
5.500000000000000000e+00 6.930061099260298008e+00 3.808411955449352959e+00 1.000000000000000000e+00 1.000000000000000000e+00 1.000000000000000000e+00 2.500000000000000000e-01 6.930061099260298008e+00 4.183970697779457737e+00 0.000000000000000000e+00 0.000000000000000000e+00 2.500000000000000000e-01 inf inf 0.000000000000000000e+00 0.000000000000000000e+00 2.500000000000000000e-01 inf inf 0.000000000000000000e+00 0.000000000000000000e+00 2.500000000000000000e-01 inf inf
