# Pressure [bara]	Lifetime [s]	Lifetime Error [s]	Exponential Fit 2xNLL	N.d.o.f.	Time Cut High [s]	Time Cut Low [s]
2.250000000000000000e+00 6.342285164195288871e+01 1.072919111860865371e+01 3.334576808957856464e-01 6.000000000000000000e+00 1.200000000000000000e+02 0.000000000000000000e+00
2.500000000000000000e+00 6.404501823457022169e+01 1.006513299582334753e+01 5.040436989939949264e+00 6.000000000000000000e+00 1.200000000000000000e+02 0.000000000000000000e+00
2.750000000000000000e+00 6.930064495299101068e+00 3.142461678048541263e+00 4.205653656666556994e-01 6.000000000000000000e+00 1.200000000000000000e+02 0.000000000000000000e+00
3.000000000000000000e+00 7.397081640844251638e+01 1.473492739267274487e+01 4.360758851219050491e+00 6.000000000000000000e+00 1.200000000000000000e+02 0.000000000000000000e+00
3.250000000000000000e+00 6.930064429059043185e+00 6.902316423337086171e+00 6.308480484999892113e-01 6.000000000000000000e+00 1.200000000000000000e+02 0.000000000000000000e+00
3.500000000000000000e+00 6.414918883451193210e+01 8.540382497487577496e+00 8.787102126827146975e+00 6.000000000000000000e+00 1.200000000000000000e+02 0.000000000000000000e+00
3.750000000000000000e+00 6.930064429059043185e+00 6.902316423337086171e+00 6.308480484999892113e-01 6.000000000000000000e+00 1.200000000000000000e+02 0.000000000000000000e+00
4.000000000000000000e+00 6.497535214388321378e+01 1.021134162821788038e+01 1.740646465398310028e+00 6.000000000000000000e+00 1.200000000000000000e+02 0.000000000000000000e+00
4.250000000000000000e+00 6.930064495299101068e+00 3.142461678048541263e+00 4.205653656666556994e-01 6.000000000000000000e+00 1.200000000000000000e+02 0.000000000000000000e+00
4.500000000000000000e+00 6.677683111937543003e+01 1.397032803198145245e+01 1.036957627586528208e+00 6.000000000000000000e+00 1.200000000000000000e+02 0.000000000000000000e+00
4.750000000000000000e+00 6.930064429059043185e+00 6.902316423337086171e+00 6.308480484999892113e-01 6.000000000000000000e+00 1.200000000000000000e+02 0.000000000000000000e+00
5.000000000000000000e+00 6.930064495299101068e+00 3.142461678048541263e+00 4.205653656666556994e-01 6.000000000000000000e+00 1.200000000000000000e+02 0.000000000000000000e+00
5.250000000000000000e+00 6.930062892463266344e+00 3.808412940903236343e+00 2.102826828334160014e-01 6.000000000000000000e+00 1.200000000000000000e+02 0.000000000000000000e+00
5.500000000000000000e+00 6.930064495299101068e+00 3.142461678048541263e+00 4.205653656666556994e-01 6.000000000000000000e+00 1.200000000000000000e+02 0.000000000000000000e+00
