# Pressure [bara]	Lifetime [s]	Lifetime Error [s]	N quality events	N Bulk	Bulk Fraction	Bulk Fraction Error	Bulk Lifetime [s]	Bulk Lifetime Error [s]	N Wall	Wall Fraction	Wall Fraction Error	Wall Lifetime [s]	Wall Lifetime Error [s]	N Dome	Dome Fraction	Dome Fraction Error	Dome Lifetime [s]	Dome Lifetime Error [s]	N Bottom	Bottom Fraction	Bottom Fraction Error	Bottom Lifetime [s]	Bottom Lifetime Error [s]
2.250000000000000000e+00 8.535278430942000227e+01 2.691304009756485982e+01 4.000000000000000000e+01 1.000000000000000000e+01 2.500000000000000000e-01 6.789956540036612420e-02 3.414111372376800091e+02 1.420817483674363757e+02 2.000000000000000000e+00 5.000000000000000278e-02 3.576311780150043945e-02 1.707055686188399932e+03 1.334371685828240970e+03 2.600000000000000000e+01 6.500000000000000222e-01 7.457992610449101778e-02 1.313119758606461573e+02 4.406072268177546647e+01 2.000000000000000000e+00 5.000000000000000278e-02 3.576311780150043945e-02 1.707055686188399932e+03 1.334371685828240970e+03
2.500000000000000000e+00 5.215811805731750184e+01 1.049427600552634487e+01 5.100000000000000000e+01 1.100000000000000000e+01 2.156862745098039325e-01 5.729817609551668411e-02 2.418240019021083924e+02 8.058749871132927467e+01 2.000000000000000000e+00 3.921568627450980338e-02 2.833892917175407505e-02 1.330032010461596428e+03 9.976963530320357449e+02 3.300000000000000000e+01 6.470588235294117974e-01 6.633098718376435887e-02 8.060800063403613080e+01 1.820216047559317829e+01 5.000000000000000000e+00 9.803921568627450844e-02 4.195572088968337054e-02 5.320128041846385258e+02 2.515817147671290286e+02
3.000000000000000000e+00 7.118096097579461912e+01 2.230194272815185741e+01 4.200000000000000000e+01 8.000000000000000000e+00 1.904761904761904656e-01 6.031372136105400683e-02 3.737000451229217788e+02 1.664667303631869402e+02 6.000000000000000000e+00 1.428571428571428492e-01 5.400587444188989505e-02 4.982667268305623338e+02 2.446486186213827239e+02 2.400000000000000000e+01 5.714285714285713969e-01 7.548550011629077960e-02 1.245666817076405835e+02 4.235551900047801155e+01 4.000000000000000000e+00 9.523809523809523281e-02 4.574394142264204266e-02 7.474000902458435576e+02 4.286091954820745400e+02
3.250000000000000000e+00 6.930061099260298008e+00 3.808411955449352959e+00 1.000000000000000000e+00 1.000000000000000000e+00 1.000000000000000000e+00 2.500000000000000000e-01 6.930061099260298008e+00 4.183970697779457737e+00 0.000000000000000000e+00 0.000000000000000000e+00 2.500000000000000000e-01 inf inf 0.000000000000000000e+00 0.000000000000000000e+00 2.500000000000000000e-01 inf inf 0.000000000000000000e+00 0.000000000000000000e+00 2.500000000000000000e-01 inf inf
3.500000000000000000e+00 5.635462960682356481e+01 1.269248414568097871e+01 4.100000000000000000e+01 7.000000000000000000e+00 1.707317073170731836e-01 5.858728999702314533e-02 3.300771162685380204e+02 1.354849591094289849e+02 6.000000000000000000e+00 1.463414634146341375e-01 5.518445270712707407e-02 3.850899689799610428e+02 1.691444317719377466e+02 2.500000000000000000e+01 6.097560975609755962e-01 7.531527672114433913e-02 9.242159255519064232e+01 2.374045460956990183e+01 3.000000000000000000e+00 7.317073170731706877e-02 4.144832455247751679e-02 7.701799379599220856e+02 4.694964261945102066e+02
3.750000000000000000e+00 6.930061099260298008e+00 3.808411955449352959e+00 1.000000000000000000e+00 0.000000000000000000e+00 0.000000000000000000e+00 2.500000000000000000e-01 inf inf 1.000000000000000000e+00 1.000000000000000000e+00 2.500000000000000000e-01 6.930061099260298008e+00 4.183970697779457737e+00 0.000000000000000000e+00 0.000000000000000000e+00 2.500000000000000000e-01 inf inf 0.000000000000000000e+00 0.000000000000000000e+00 2.500000000000000000e-01 inf inf
4.000000000000000000e+00 5.560405811143122179e+01 7.959339649584251219e+00 4.900000000000000000e+01 6.000000000000000000e+00 1.224489795918367319e-01 4.696937777935313030e-02 4.540998079100216387e+02 1.859182832200827988e+02 1.100000000000000000e+01 2.244897959183673464e-01 5.926419575054726191e-02 2.476908043145572549e+02 7.438289208268399477e+01 2.500000000000000000e+01 5.102040816326530726e-01 7.069624589519211966e-02 1.089839538984051899e+02 2.171219659836194538e+01 7.000000000000000000e+00 1.428571428571428492e-01 5.000000000000000278e-02 3.892284067800185881e+02 1.471828811179052536e+02
4.500000000000000000e+00 1.633492144121451872e+02 5.608486540877457571e+01 4.500000000000000000e+01 1.200000000000000000e+01 2.666666666666666630e-01 6.539829981083185306e-02 6.125595540455444734e+02 2.584602736598723141e+02 3.000000000000000000e+00 6.666666666666666574e-02 3.796575912298474909e-02 2.450238216182177894e+03 1.629361243634035873e+03 2.700000000000000000e+01 5.999999999999999778e-01 7.226421799388983713e-02 2.722486906869086738e+02 9.905907410321252371e+01 3.000000000000000000e+00 6.666666666666666574e-02 3.796575912298474909e-02 2.450238216182177894e+03 1.629361243634035873e+03
4.750000000000000000e+00 6.930061099260298008e+00 3.142460138103018163e+00 1.000000000000000000e+00 0.000000000000000000e+00 0.000000000000000000e+00 2.500000000000000000e-01 inf inf 0.000000000000000000e+00 0.000000000000000000e+00 2.500000000000000000e-01 inf inf 0.000000000000000000e+00 0.000000000000000000e+00 2.500000000000000000e-01 inf inf 1.000000000000000000e+00 1.000000000000000000e+00 2.500000000000000000e-01 6.930061099260298008e+00 3.588407013848065485e+00
5.750000000000000000e+00 6.930061099260298008e+00 3.808411955449352959e+00 1.000000000000000000e+00 0.000000000000000000e+00 0.000000000000000000e+00 2.500000000000000000e-01 inf inf 1.000000000000000000e+00 1.000000000000000000e+00 2.500000000000000000e-01 6.930061099260298008e+00 4.183970697779457737e+00 0.000000000000000000e+00 0.000000000000000000e+00 2.500000000000000000e-01 inf inf 0.000000000000000000e+00 0.000000000000000000e+00 2.500000000000000000e-01 inf inf
