# Pressure [bara]	Lifetime [s]	Lifetime Error [s]	Exponential Fit 2xNLL	N.d.o.f.	Time Cut High [s]	Time Cut Low [s]
2.500000000000000000e+00 1.683096514860288195e+01 3.824453542275129792e+00 1.639544564598021736e+01 1.700000000000000000e+01 4.000000000000000000e+01 6.000000000000000000e+00
3.000000000000000000e+00 2.263419042473087472e+01 2.288341574472291029e+00 2.962944311710152157e+00 9.000000000000000000e+00 1.800000000000000000e+02 0.000000000000000000e+00
3.250000000000000000e+00 6.929999871454570304e+00 2.518108061399408903e+00 8.411309730762894787e-01 9.000000000000000000e+00 1.800000000000000000e+02 0.000000000000000000e+00
3.500000000000000000e+00 4.162573840509291045e+01 5.958439030959247873e+00 1.553799678386376337e+00 9.000000000000000000e+00 1.800000000000000000e+02 0.000000000000000000e+00
3.750000000000000000e+00 6.930057769191257933e+00 3.808410125411411773e+00 2.102827431967554395e-01 9.000000000000000000e+00 1.800000000000000000e+02 0.000000000000000000e+00
4.000000000000000000e+00 5.968386514319527691e+01 8.184874399016770496e+00 1.164992266334675364e+01 9.000000000000000000e+00 1.800000000000000000e+02 0.000000000000000000e+00
4.250000000000000000e+00 6.930059748972903222e+00 3.142459525810535670e+00 4.205654863931376219e-01 9.000000000000000000e+00 1.800000000000000000e+02 0.000000000000000000e+00
4.500000000000000000e+00 6.670165283662103661e+01 1.008203160993971892e+01 3.295020119078131415e+00 9.000000000000000000e+00 1.800000000000000000e+02 0.000000000000000000e+00
5.000000000000000000e+00 1.136564236918273423e+02 3.151434370634251536e+01 6.558793530324543042e+00 9.000000000000000000e+00 1.800000000000000000e+02 0.000000000000000000e+00
5.250000000000000000e+00 6.930057769191257933e+00 3.808410125411411773e+00 2.102827431967554395e-01 9.000000000000000000e+00 1.800000000000000000e+02 0.000000000000000000e+00
