# Pressure [bara]	Lifetime [s]	Lifetime Error [s]	Exponential Fit 2xNLL	N.d.o.f.	Time Cut High [s]	Time Cut Low [s]
2.250000000000000000e+00 8.711267639150781505e+00 1.194638304868525402e+00 3.261539890326542235e+00 9.000000000000000000e+00 1.800000000000000000e+02 0.000000000000000000e+00
2.500000000000000000e+00 1.132572825703285879e+01 1.757245124965058025e+00 1.903943774391823496e+00 9.000000000000000000e+00 1.800000000000000000e+02 0.000000000000000000e+00
2.750000000000000000e+00 6.930059748972903222e+00 3.142459525810535670e+00 4.205654863931376219e-01 9.000000000000000000e+00 1.800000000000000000e+02 0.000000000000000000e+00
3.000000000000000000e+00 1.776266842950169078e+01 1.938068927743428205e+00 6.689326456922650266e+00 9.000000000000000000e+00 1.800000000000000000e+02 0.000000000000000000e+00
3.250000000000000000e+00 6.930059748972903222e+00 3.142459525810535670e+00 4.205654863931376219e-01 9.000000000000000000e+00 1.800000000000000000e+02 0.000000000000000000e+00
3.500000000000000000e+00 3.699023919900124469e+01 4.480299242321471809e+00 1.077207345429021146e+01 9.000000000000000000e+00 1.800000000000000000e+02 0.000000000000000000e+00
3.750000000000000000e+00 6.930059748972903222e+00 3.142459525810535670e+00 4.205654863931376219e-01 9.000000000000000000e+00 1.800000000000000000e+02 0.000000000000000000e+00
4.000000000000000000e+00 6.664018175547253975e+01 1.007274018526162251e+01 5.127131257797573838e+00 9.000000000000000000e+00 1.800000000000000000e+02 0.000000000000000000e+00
4.250000000000000000e+00 6.930057769191257933e+00 3.808410125411411773e+00 2.102827431967554395e-01 9.000000000000000000e+00 1.800000000000000000e+02 0.000000000000000000e+00
4.500000000000000000e+00 1.033940431205987522e+02 4.067453347987517986e+01 6.020693132162266537e+00 9.000000000000000000e+00 1.800000000000000000e+02 0.000000000000000000e+00
