# Pressure [bara]	Lifetime [s]	Lifetime Error [s]	Exponential Fit 2xNLL	N.d.o.f.	Time Cut High [s]	Time Cut Low [s]
1.500000000000000000e+00 4.306575970039531853e+00 9.268406742327313097e-01 7.644703573821968412e+00 2.000000000000000000e+01 4.000000000000000000e+01 0.000000000000000000e+00
1.750000000000000000e+00 6.902606186460417348e+00 1.430269750347653357e+00 1.481503928820478855e+01 2.000000000000000000e+01 4.000000000000000000e+01 0.000000000000000000e+00
2.000000000000000000e+00 8.428873084707548813e+00 1.409030835982142627e+00 2.127119721967578769e+01 2.000000000000000000e+01 4.000000000000000000e+01 0.000000000000000000e+00
2.250000000000000000e+00 1.119050034137993244e+01 1.825877433078007428e+00 1.651346091492974466e+01 2.000000000000000000e+01 4.000000000000000000e+01 0.000000000000000000e+00
2.500000000000000000e+00 1.797303628958931299e+01 8.833594412600952239e+00 2.640262799197441268e+01 2.000000000000000000e+01 4.000000000000000000e+01 0.000000000000000000e+00
2.750000000000000000e+00 6.930060717775015533e+00 6.888438731482072086e+00 6.308482295895980752e-01 9.000000000000000000e+00 1.800000000000000000e+02 0.000000000000000000e+00
3.000000000000000000e+00 2.556602941523244255e+01 3.710785050258966322e+00 2.890529699593100244e+00 9.000000000000000000e+00 1.800000000000000000e+02 0.000000000000000000e+00
3.250000000000000000e+00 6.930057769191257933e+00 3.808410125411411773e+00 2.102827431967554395e-01 9.000000000000000000e+00 1.800000000000000000e+02 0.000000000000000000e+00
3.750000000000000000e+00 6.930057769191257933e+00 3.808410125411411773e+00 2.102827431967554395e-01 9.000000000000000000e+00 1.800000000000000000e+02 0.000000000000000000e+00
4.000000000000000000e+00 6.930057769191257933e+00 3.808410125411411773e+00 2.102827431967554395e-01 9.000000000000000000e+00 1.800000000000000000e+02 0.000000000000000000e+00
