# Pressure [bara]	Lifetime [s]	Lifetime Error [s]	Exponential Fit 2xNLL	N.d.o.f.	Time Cut High [s]	Time Cut Low [s]	N events	Seitz Threshold [keV]	Eion [keV]	rion [nm]	pho_l [g/cc]
2.000000000000000000e+00 6.930061099256073831e+00 2.642996275091656244e+00 2.523392918358339010e+00 9.000000000000000000e+00 1.800000000000000000e+02 0.000000000000000000e+00 1.200000000000000000e+01 5.194761325266749052e-01 2.959324104514337028e-01 3.990805968328722919e+00 1.157681663422976071e+00
2.250000000000000000e+00 6.930061099260298008e+00 1.491454590931896362e+00 3.364523891144452605e+00 9.000000000000000000e+00 1.800000000000000000e+02 0.000000000000000000e+00 1.600000000000000000e+01 5.536006740173549101e-01 3.122910100862682503e-01 4.096274684550349043e+00 1.157906538597808455e+00
2.500000000000000000e+00 6.930061099224497312e+00 1.657942545259915690e+00 5.467351323109735262e+00 9.000000000000000000e+00 1.800000000000000000e+02 0.000000000000000000e+00 2.600000000000000000e+01 5.910772395808175927e-01 3.300613415958662533e-01 4.207377220500477577e+00 1.158130981673711979e+00
2.750000000000000000e+00 6.930061099264320568e+00 1.824430499606122247e+00 4.626220350323624331e+00 9.000000000000000000e+00 1.800000000000000000e+02 0.000000000000000000e+00 2.200000000000000000e+01 6.323457330769909346e-01 3.494105816133949438e-01 4.324577170411860294e+00 1.158354994768885149e+00
3.000000000000000000e+00 6.930061099222078802e+00 1.394336617561198644e+00 7.359896011878493738e+00 9.000000000000000000e+00 1.800000000000000000e+02 0.000000000000000000e+00 3.500000000000000000e+01 6.779188629558312584e-01 3.705313420448321793e-01 4.448390440348896746e+00 1.158578579984435253e+00
3.250000000000000000e+00 6.930061099213791209e+00 1.283344648002554322e+00 8.621592471057663687e+00 9.000000000000000000e+00 1.800000000000000000e+02 0.000000000000000000e+00 4.100000000000000000e+01 7.283967842972638440e-01 3.936464328716092198e-01 4.579392796707911550e+00 1.158801739404569320e+00
3.500000000000000000e+00 6.930061099250316659e+00 1.380462621372185339e+00 7.570178755075023247e+00 9.000000000000000000e+00 1.800000000000000000e+02 0.000000000000000000e+00 3.600000000000000000e+01 7.844852772759595139e-01 4.190147164076383213e-01 4.718228845286406070e+00 1.159024475096785967e+00
3.750000000000000000e+00 6.930061099256073831e+00 1.741186522435709705e+00 5.046785836716678020e+00 9.000000000000000000e+00 1.800000000000000000e+02 0.000000000000000000e+00 2.400000000000000000e+01 8.470184148134063395e-01 4.469383225698992379e-01 4.865622665924016488e+00 1.159246789112062137e+00
4.000000000000000000e+00 1.829962046813438992e+00 1.826298459132130736e+00 1.051323947347359677e+00 1.700000000000000000e+01 4.000000000000000000e+01 6.000000000000000000e+00 2.000000000000000000e+00 9.169869609564831325e-01 4.777715709002781641e-01 5.022390369908474206e+00 1.159468683485036067e+00
4.250000000000000000e+00 6.930061099250316659e+00 2.060288434912257216e+00 3.785089377537511623e+00 9.000000000000000000e+00 1.800000000000000000e+02 0.000000000000000000e+00 1.800000000000000000e+01 9.955743293835419561e-01 5.119321453061911331e-01 5.189455261608084236e+00 1.159690160234192691e+00
4.500000000000000000e+00 6.930061099256073831e+00 1.741186522435709705e+00 5.046785836716678020e+00 9.000000000000000000e+00 1.800000000000000000e+02 0.000000000000000000e+00 2.400000000000000000e+01 1.084202336206221640e+00 5.499151294760328268e-01 5.367866018282687612e+00 1.159911221362039946e+00
4.750000000000000000e+00 6.930061099281861203e+00 2.407138339790597215e+00 2.943958404751398916e+00 9.000000000000000000e+00 1.800000000000000000e+02 0.000000000000000000e+00 1.400000000000000000e+01 1.184589928230490807e+00 5.923107966721862239e-01 5.558818717959423061e+00 1.160131868855283521e+00
5.000000000000000000e+00 5.374399097673031811e+00 1.145892900705060669e+00 1.248721826665387447e+01 1.700000000000000000e+01 4.000000000000000000e+01 6.000000000000000000e+00 3.200000000000000000e+01 1.298829194074205606e+00 6.398273366751998648e-01 5.763683680734500214e+00 1.160352104685009600e+00
5.250000000000000000e+00 6.930061099260298008e+00 3.142460138103018163e+00 4.205654863930565757e-01 9.000000000000000000e+00 1.800000000000000000e+02 0.000000000000000000e+00 2.000000000000000000e+00 1.429484644056163711e+00 6.933201478350505820e-01 5.984038412315787703e+00 1.160571930806846730e+00
5.500000000000000000e+00 6.930061099260298008e+00 3.142460138103018163e+00 4.205654863930565757e-01 9.000000000000000000e+00 1.800000000000000000e+02 0.000000000000000000e+00 2.000000000000000000e+00 1.579724072302054694e+00 7.538299133696215737e-01 6.221708235395399633e+00 1.160791349161139907e+00
5.750000000000000000e+00 6.930061099260298008e+00 3.808411955449352959e+00 2.102827431965282878e-01 9.000000000000000000e+00 1.800000000000000000e+02 0.000000000000000000e+00 1.000000000000000000e+00 1.753493019129771291e+00 8.226326739576415026e-01 6.478817042794218217e+00 1.161010361673119107e+00
6.000000000000000000e+00 6.930061099260298008e+00 3.808411955449352959e+00 2.102827431965282878e-01 9.000000000000000000e+00 1.800000000000000000e+02 0.000000000000000000e+00 1.000000000000000000e+00 1.955749718497896472e+00 9.013062758973131583e-01 6.757850875601913110e+00 1.161228970253058490e+00
