# Pressure [bara]	Lifetime [s]	Lifetime Error [s]	Exponential Fit 2xNLL	N.d.o.f.	Time Cut High [s]	Time Cut Low [s]
2.000000000000000000e+00 6.930066139836759120e-01 2.642998197475280309e-01 2.523392918489849812e+00 2.000000000000000000e+01 4.000000000000000000e+01 0.000000000000000000e+00
2.250000000000000000e+00 6.930066158111430896e-01 1.491455679673631129e-01 3.364523891319858961e+00 2.000000000000000000e+01 4.000000000000000000e+01 0.000000000000000000e+00
2.500000000000000000e+00 6.930066056813557474e-01 1.657943731309750035e-01 5.467351323394273876e+00 2.000000000000000000e+01 4.000000000000000000e+01 0.000000000000000000e+00
2.750000000000000000e+00 6.930066126436377205e-01 1.824431823075842729e-01 4.626220350564670625e+00 2.000000000000000000e+01 4.000000000000000000e+01 0.000000000000000000e+00
3.000000000000000000e+00 7.561607173930533499e-01 1.551681151807566827e-01 3.803700640066463023e+00 2.000000000000000000e+01 4.000000000000000000e+01 0.000000000000000000e+00
3.250000000000000000e+00 6.930066052068254434e-01 1.283345565197824278e-01 8.621592471506318134e+00 2.000000000000000000e+01 4.000000000000000000e+01 0.000000000000000000e+00
3.500000000000000000e+00 6.930066196037417692e-01 1.380463636648094905e-01 7.570178755469950005e+00 2.000000000000000000e+01 4.000000000000000000e+01 0.000000000000000000e+00
3.750000000000000000e+00 7.859085687624991490e-01 2.021806828548171620e-01 2.152693044651714516e+00 2.000000000000000000e+01 4.000000000000000000e+01 0.000000000000000000e+00
4.000000000000000000e+00 1.437592032852104351e+00 1.482201995833500874e-01 2.356807338685694475e+00 2.000000000000000000e+01 4.000000000000000000e+01 0.000000000000000000e+00
4.250000000000000000e+00 6.930066196037417692e-01 2.060289950173286311e-01 3.785089377734975002e+00 2.000000000000000000e+01 4.000000000000000000e+01 0.000000000000000000e+00
4.500000000000000000e+00 6.930066093033057095e-01 1.741187777128425651e-01 5.046785836979497120e+00 2.000000000000000000e+01 4.000000000000000000e+01 0.000000000000000000e+00
4.750000000000000000e+00 6.930066141429429560e-01 2.407140091167179197e-01 2.943958404904833515e+00 2.000000000000000000e+01 4.000000000000000000e+01 0.000000000000000000e+00
5.000000000000000000e+00 6.452840668287446846e+00 5.361218973652235320e-01 1.367266655749404514e+01 2.000000000000000000e+01 4.000000000000000000e+01 0.000000000000000000e+00
5.250000000000000000e+00 6.930066158111430896e-01 3.142462432056534749e-01 4.205654864149823702e-01 2.000000000000000000e+01 4.000000000000000000e+01 0.000000000000000000e+00
5.500000000000000000e+00 6.930066158111430896e-01 3.142462432056534749e-01 4.205654864149823702e-01 2.000000000000000000e+01 4.000000000000000000e+01 0.000000000000000000e+00
5.750000000000000000e+00 2.887778200421539765e+00 1.691041288535136022e+00 2.772981102587458668e+00 2.000000000000000000e+01 4.000000000000000000e+01 0.000000000000000000e+00
6.000000000000000000e+00 6.930061209421612967e-01 3.808412015988453803e-01 2.102827432070178970e-01 2.000000000000000000e+01 4.000000000000000000e+01 0.000000000000000000e+00
