# Pressure [bara]	Lifetime [s]	Lifetime Error [s]	Exponential Fit 2xNLL	N.d.o.f.	Time Cut High [s]	Time Cut Low [s]
1.500000000000000000e+00 6.930058959896189030e+00 1.158478324627290945e+00 6.098199552702133985e+00 9.000000000000000000e+00 1.800000000000000000e+02 0.000000000000000000e+00
1.750000000000000000e+00 8.215348199661162809e+00 1.702279356686545952e+00 2.627790276555657556e+00 9.000000000000000000e+00 1.800000000000000000e+02 0.000000000000000000e+00
2.000000000000000000e+00 8.941175743767733053e+00 1.888476558493485058e+00 2.086127528156380251e+00 9.000000000000000000e+00 1.800000000000000000e+02 0.000000000000000000e+00
2.250000000000000000e+00 1.491457751462154846e+01 7.479683017843239412e+00 7.405378707636258717e+00 9.000000000000000000e+00 1.800000000000000000e+02 0.000000000000000000e+00
2.500000000000000000e+00 1.189906768924297253e+01 2.775258029623234535e+00 7.860752980666294576e-01 9.000000000000000000e+00 1.800000000000000000e+02 0.000000000000000000e+00
2.750000000000000000e+00 6.930060717775015533e+00 6.888438731482072086e+00 6.308482295895980752e-01 9.000000000000000000e+00 1.800000000000000000e+02 0.000000000000000000e+00
3.000000000000000000e+00 2.556602941523244255e+01 3.710785050258966322e+00 2.890529699593100244e+00 9.000000000000000000e+00 1.800000000000000000e+02 0.000000000000000000e+00
3.250000000000000000e+00 6.930057769191257933e+00 3.808410125411411773e+00 2.102827431967554395e-01 9.000000000000000000e+00 1.800000000000000000e+02 0.000000000000000000e+00
3.750000000000000000e+00 6.930057769191257933e+00 3.808410125411411773e+00 2.102827431967554395e-01 9.000000000000000000e+00 1.800000000000000000e+02 0.000000000000000000e+00
4.000000000000000000e+00 6.930057769191257933e+00 3.808410125411411773e+00 2.102827431967554395e-01 9.000000000000000000e+00 1.800000000000000000e+02 0.000000000000000000e+00
