# Pressure [bara]	Lifetime [s]	Lifetime Error [s]	N quality events	N Bulk	Bulk Fraction	Bulk Fraction Error	Bulk Lifetime [s]	Bulk Lifetime Error [s]	N Wall	Wall Fraction	Wall Fraction Error	Wall Lifetime [s]	Wall Lifetime Error [s]	N Dome	Dome Fraction	Dome Fraction Error	Dome Lifetime [s]	Dome Lifetime Error [s]	N Bottom	Bottom Fraction	Bottom Fraction Error	Bottom Lifetime [s]	Bottom Lifetime Error [s]
2.500000000000000000e+00 1.625778497287491220e+01 6.851378852432770117e+00 4.300000000000000000e+01 8.000000000000000000e+00 1.860465116279069742e-01 5.909802364065814412e-02 8.738559422920265263e+01 4.611598114129603232e+01 2.000000000000000000e+00 4.651162790697674354e-02 3.337874893193853304e-02 3.495423769168106105e+02 2.908998336654898935e+02 2.900000000000000000e+01 6.744186046511627675e-01 7.075398415145157938e-02 2.410637082184900848e+01 1.046900438710357406e+01 4.000000000000000000e+00 9.302325581395348708e-02 4.475545915697141247e-02 1.747711884584053053e+02 1.117816642197437034e+02
3.000000000000000000e+00 2.327448678826990403e+01 2.492862949294174513e+00 9.400000000000000000e+01 1.700000000000000000e+01 1.808510638297872453e-01 3.963200798662520896e-02 1.286942210645512148e+02 3.139057914180123277e+01 4.000000000000000000e+00 4.255319148936170109e-02 2.126156125856070236e-02 5.469504395243427552e+02 2.794904687330705997e+02 7.000000000000000000e+01 7.446808510638297518e-01 4.481088661938886775e-02 3.125431082996244569e+01 3.839693172256803511e+00 3.000000000000000000e+00 3.191489361702127409e-02 1.869497190211674709e-02 7.292672526991236737e+02 4.342694360953572641e+02
3.250000000000000000e+00 6.930061099260298008e+00 2.518130309340829598e+00 3.000000000000000000e+00 1.000000000000000000e+00 3.333333333333333148e-01 2.393567769390845257e-01 2.079018329778089580e+01 1.673135690015470090e+01 1.000000000000000000e+00 3.333333333333333148e-01 2.393567769390845257e-01 2.079018329778089580e+01 1.673135690015470090e+01 1.000000000000000000e+00 3.333333333333333148e-01 2.393567769390845257e-01 2.079018329778089580e+01 1.673135690015470090e+01 0.000000000000000000e+00 0.000000000000000000e+00 1.250000000000000000e-01 inf inf
3.500000000000000000e+00 4.104789907784038405e+01 6.368793150215473986e+00 8.200000000000000000e+01 8.000000000000000000e+00 9.756097560975610095e-02 3.292820280783862602e-02 4.207409655478639365e+02 1.562920318144639680e+02 9.000000000000000000e+00 1.097560975609756101e-01 3.463136671778835329e-02 3.739919693758790800e+02 1.315008353369919405e+02 6.300000000000000000e+01 7.682926829268292845e-01 4.642473852552708030e-02 5.342742419655414920e+01 8.896011962194794620e+00 2.000000000000000000e+00 2.439024390243902524e-02 1.787531009568382734e-02 1.682963862191455746e+03 1.260760702343512321e+03
3.750000000000000000e+00 6.930061099260298008e+00 3.808411955449352959e+00 1.000000000000000000e+00 0.000000000000000000e+00 0.000000000000000000e+00 2.500000000000000000e-01 inf inf 0.000000000000000000e+00 0.000000000000000000e+00 2.500000000000000000e-01 inf inf 1.000000000000000000e+00 1.000000000000000000e+00 2.500000000000000000e-01 6.930061099260298008e+00 4.183970697779457737e+00 0.000000000000000000e+00 0.000000000000000000e+00 2.500000000000000000e-01 inf inf
4.000000000000000000e+00 5.957405743027464951e+01 9.004687359330802110e+00 7.700000000000000000e+01 1.800000000000000000e+01 2.337662337662337608e-01 4.804222301965822145e-02 2.548445790072860007e+02 6.501417159031386461e+01 1.000000000000000000e+01 1.298701298701298579e-01 3.835733469795938461e-02 4.587202422131148296e+02 1.521950295604327437e+02 4.600000000000000000e+01 5.974025974025973795e-01 5.554328014864944041e-02 9.972179178545974310e+01 1.769631983848810819e+01 3.000000000000000000e+00 3.896103896103896014e-02 2.269309314560133406e-02 1.529067474043715947e+03 9.201146586515269519e+02
4.250000000000000000e+00 6.930061099260298008e+00 3.142460138103018163e+00 2.000000000000000000e+00 1.000000000000000000e+00 5.000000000000000000e-01 2.886751345948128655e-01 1.386012219852059602e+01 1.017519297102387021e+01 0.000000000000000000e+00 0.000000000000000000e+00 1.666666666666666574e-01 inf inf 1.000000000000000000e+00 5.000000000000000000e-01 2.886751345948128655e-01 1.386012219852059602e+01 1.017519297102387021e+01 0.000000000000000000e+00 0.000000000000000000e+00 1.666666666666666574e-01 inf inf
4.500000000000000000e+00 7.955822770945047751e+01 1.441445366907962011e+01 6.800000000000000000e+01 1.100000000000000000e+01 1.617647058823529493e-01 4.460046499412900073e-02 4.918144985675120324e+02 1.622568320148102430e+02 5.000000000000000000e+00 7.352941176470588480e-02 3.202325655753273520e-02 1.081991896848526494e+03 5.103757710631088571e+02 4.700000000000000000e+01 6.911764705882352811e-01 5.568821651849994309e-02 1.151055209413326139e+02 2.282405638803416181e+01 5.000000000000000000e+00 7.352941176470588480e-02 3.202325655753273520e-02 1.081991896848526494e+03 5.103757710631088571e+02
5.000000000000000000e+00 1.134070725449086297e+02 4.325134598559577626e+01 7.700000000000000000e+01 1.000000000000000000e+01 1.298701298701298579e-01 3.835733469795938461e-02 8.732344585957965819e+02 4.212252160882065368e+02 8.000000000000000000e+00 1.038961038961039030e-01 3.491991205403868759e-02 1.091543073244745528e+03 5.548838143966123653e+02 5.100000000000000000e+01 6.623376623376623362e-01 5.358725797937476804e-02 1.712224428619208823e+02 6.675426604393315699e+01 8.000000000000000000e+00 1.038961038961039030e-01 3.491991205403868759e-02 1.091543073244745528e+03 5.548838143966123653e+02
5.250000000000000000e+00 6.930061099260298008e+00 3.808411955449352959e+00 1.000000000000000000e+00 0.000000000000000000e+00 0.000000000000000000e+00 2.500000000000000000e-01 inf inf 1.000000000000000000e+00 1.000000000000000000e+00 2.500000000000000000e-01 6.930061099260298008e+00 4.183970697779457737e+00 0.000000000000000000e+00 0.000000000000000000e+00 2.500000000000000000e-01 inf inf 0.000000000000000000e+00 0.000000000000000000e+00 2.500000000000000000e-01 inf inf
