# Pressure [bara]	Lifetime [s]	Lifetime Error [s]	Exponential Fit 2xNLL	N.d.o.f.	Time Cut High [s]	Time Cut Low [s]
2.250000000000000000e+00 1.050334190301003012e+01 2.113285007512528679e+00 2.102024544917957627e+01 2.000000000000000000e+01 4.000000000000000000e+01 0.000000000000000000e+00
2.500000000000000000e+00 1.134833410033864709e+01 1.465400499443129334e+00 1.703247369527570854e+01 2.000000000000000000e+01 4.000000000000000000e+01 0.000000000000000000e+00
2.750000000000000000e+00 6.930058194066769373e-01 3.142458820732979552e-01 4.205654864143848481e-01 2.000000000000000000e+01 4.000000000000000000e+01 0.000000000000000000e+00
3.000000000000000000e+00 1.419296646165788545e+01 3.026127984317447783e+00 1.759246312137896950e+01 2.000000000000000000e+01 4.000000000000000000e+01 0.000000000000000000e+00
3.250000000000000000e+00 6.930058194066769373e-01 3.142458820732979552e-01 4.205654864143848481e-01 2.000000000000000000e+01 4.000000000000000000e+01 0.000000000000000000e+00
3.500000000000000000e+00 2.847377356847882268e+01 1.861198612634301597e+01 1.343517118983089986e+01 2.000000000000000000e+01 4.000000000000000000e+01 0.000000000000000000e+00
3.750000000000000000e+00 6.930058194066769373e-01 3.142458820732979552e-01 4.205654864143848481e-01 2.000000000000000000e+01 4.000000000000000000e+01 0.000000000000000000e+00
4.000000000000000000e+00 1.656846297215825643e+03 1.577238066718969094e+03 2.971571497541507156e+01 2.000000000000000000e+01 4.000000000000000000e+01 0.000000000000000000e+00
4.250000000000000000e+00 6.930062638327419977e-01 3.808412801242996304e-01 2.102827432070575320e-01 2.000000000000000000e+01 4.000000000000000000e+01 0.000000000000000000e+00
4.500000000000000000e+00 6.000682855753274225e+01 3.261632423097125155e+01 2.077061160393217776e+01 2.000000000000000000e+01 4.000000000000000000e+01 0.000000000000000000e+00
