# Pressure [bara]	Lifetime [s]	Lifetime Error [s]	Exponential Fit 2xNLL	N.d.o.f.	Time Cut High [s]	Time Cut Low [s]
2.500000000000000000e+00 1.683096514860288195e+01 3.824453542275129792e+00 1.639544564598021736e+01 1.700000000000000000e+01 4.000000000000000000e+01 6.000000000000000000e+00
3.000000000000000000e+00 2.900779663940256370e+01 1.042422321676228592e+01 6.624370474848332080e+00 1.700000000000000000e+01 4.000000000000000000e+01 6.000000000000000000e+00
3.250000000000000000e+00 5.000000000000000000e+00 4.989989989989989994e+00 0.000000000000000000e+00 1.700000000000000000e+01 4.000000000000000000e+01 6.000000000000000000e+00
3.500000000000000000e+00 7.929116887350254501e+02 7.341774895694679799e+02 1.196641652390246691e+01 1.700000000000000000e+01 4.000000000000000000e+01 6.000000000000000000e+00
3.750000000000000000e+00 5.000000000000000000e+00 4.989989989989989994e+00 0.000000000000000000e+00 1.700000000000000000e+01 4.000000000000000000e+01 6.000000000000000000e+00
4.000000000000000000e+00 1.529404259419917267e+01 6.659568096573213580e+00 1.696545281683017947e+01 1.700000000000000000e+01 4.000000000000000000e+01 6.000000000000000000e+00
4.250000000000000000e+00 5.000000000000000000e+00 4.989989989989989994e+00 0.000000000000000000e+00 1.700000000000000000e+01 4.000000000000000000e+01 6.000000000000000000e+00
4.500000000000000000e+00 6.011236792076559254e+01 3.098885833753181274e+01 2.733547106632947177e+01 1.700000000000000000e+01 4.000000000000000000e+01 6.000000000000000000e+00
5.000000000000000000e+00 5.027857190154103506e+01 2.742925093727714270e+01 2.383258621866922766e+01 1.700000000000000000e+01 4.000000000000000000e+01 6.000000000000000000e+00
5.250000000000000000e+00 5.000000000000000000e+00 4.989989989989989994e+00 0.000000000000000000e+00 1.700000000000000000e+01 4.000000000000000000e+01 6.000000000000000000e+00
