# Pressure [bara]	Temperature [K]	Seitz Threshold [keV]	Eion [keV]	rion [nm]	rho_l [g/cc]	Rate [/hr]	Rate Error [/hr]	Bulk Rate [/hr]	Bulk Rate Error [/hr]	Wall Rate [/hr]	Wall Rate Error [/hr]	Dome Rate [/hr]	Dome Rate Error [/hr]	Bottom Rate [/hr]	Bottom Rate Error [/hr]	BkgSub Rate [/hr]	BkgSub Rate Error [/hr]	BkgSub Bulk Rate [/hr]	BkgSub Bulk Rate Error [/hr]	BkgSub Wall Rate [/hr]	BkgSub Wall Rate Error [/hr]	BkgSub Dome Rate [/hr]	BkgSub Dome Rate Error [/hr]	BkgSub Bottom Rate [/hr]	BkgSub Bottom Rate Error [/hr]
2.000000000000000000e+00 1.167000000000000028e+02 1.040505302598664805e+00 5.535618918214597617e-01 5.105409997002468003e+00 1.184355016219875267e+00 2.747759171712515354e+02 8.554085109135057508e+01 6.010723188121127691e+01 2.732452570292912242e+01 8.586747411601610480e+00 9.573049803976768857e+00 1.974951904668370446e+02 6.516069338446730796e+01 8.586747411601610480e+00 9.573049803976768857e+00 2.148671946172445928e+02 8.576356893974541151e+01 3.366706941324173386e+01 2.754954980096701789e+01 8.889785918130082010e-01 9.722206283596815268e+00 1.820996528272598312e+02 6.520927357580961825e+01 -1.788506215069984862e+00 9.780313934994858016e+00
2.250000000000000000e+00 1.167000000000000028e+02 1.126908955214469321e+00 5.919321379387686433e-01 5.270935863430114665e+00 1.184549098774906550e+00 3.847344570183405494e+02 4.325231077613290154e+01 1.136715441190551701e+02 2.917323574493491023e+01 2.623189479670503488e+01 1.520884873284214933e+01 2.273430882381103402e+02 3.806542856103767036e+01 1.748792986447002562e+01 1.271563614900243522e+01 3.251274485687611104e+02 4.335397665894294050e+01 8.982874073922337743e+01 2.926491077785904338e+01 1.625118640514754276e+01 1.529239826446288220e+01 2.093223647533537530e+02 3.812157021690779146e+01 9.725156671036419453e+00 1.279493526565932449e+01
2.500000000000000000e+00 1.167000000000000028e+02 1.224018040650277639e+00 6.344604200155126161e-01 5.447412392299349371e+00 1.184742874129172785e+00 2.713308867233128581e+02 3.326555129159300606e+01 3.014787630259031559e+01 1.695721949998932487e+01 0.000000000000000000e+00 4.845194405773443513e+00 2.311337183198590992e+02 3.385923270729968237e+01 1.004929210086343794e+01 1.074335130685456541e+01 2.122925618963525096e+02 3.340155235524723309e+01 6.725062648415832456e+00 1.713139758968565829e+01 -9.625813830482664812e+00 5.128303769415490265e+00 2.150906952690546632e+02 3.392419444954744989e+01 1.026178093646841205e-01 1.087784918591681560e+01
2.750000000000000000e+00 1.167000000000000028e+02 1.333610081481736875e+00 6.817682425086102338e-01 5.635963154708735878e+00 1.184936343522541957e+00 2.593205730517477718e+02 6.411629784162332157e+01 1.728803820344984956e+02 7.536423795915676749e+01 0.000000000000000000e+00 3.241507163146847148e+01 8.644019101724924781e+01 6.564654202768406321e+01 0.000000000000000000e+00 3.241507163146847148e+01 1.862496039502071596e+02 6.543944500806911435e+01 1.624416721628498408e+02 7.599758569143627085e+01 -5.219354935824329544e+01 3.575242526016626954e+01 8.644019101724924781e+01 6.580520785380502957e+01 -1.043870987164865838e+01 3.386150523287507497e+01
3.000000000000000000e+00 1.167000000000000028e+02 1.457836740123748864e+00 7.345972349339885410e-01 5.837870935265596195e+00 1.185129508186626213e+00 1.568313687738832130e+02 8.964290404004850998e+00 4.127141283523242521e+01 1.134735282482931851e+01 1.238142385056972650e+01 7.016167074185006847e+00 9.492424952103458224e+01 1.342747719574253296e+01 8.254282567046484331e+00 5.908055619134855441e+00 1.038552790599410258e+02 9.345892108210383853e+00 1.865240823826834671e+01 1.157033568402324342e+01 8.214765109023712597e+00 7.100812053039710747e+00 7.736475911023352126e+01 1.358460804894331808e+01 -3.766533975845458571e-01 6.102356132175474457e+00
3.500000000000000000e+00 1.167000000000000028e+02 1.761279285559721020e+00 8.605671271104086140e-01 6.287866300841336020e+00 1.185514928212589636e+00 9.547903145738939656e+01 6.648284041511925757e+00 nan nan nan nan nan nan nan nan 4.793996237317242759e+01 7.397797540538858740e+00 nan nan nan nan nan nan nan nan
4.000000000000000000e+00 1.167000000000000028e+02 2.163539775039333257e+00 1.022034697837291395e+00 6.812136423865882584e+00 1.185899143897797936e+00 5.454374565987661327e+01 4.811936048124082710e+00 0.000000000000000000e+00 1.363593641496915332e+01 5.454374565987661327e+01 1.446006536791302999e+01 0.000000000000000000e+00 1.363593641496915332e+01 0.000000000000000000e+00 1.363593641496915332e+01 1.819608824162326499e+01 5.450051143004577270e+00 -1.363037153184500561e+01 1.378600854526198560e+01 5.000028848259494652e+01 1.451568995990508348e+01 -1.438761439472528281e+01 1.379215529460880596e+01 -3.786214314401390446e+00 1.368586101370895136e+01
4.000000000000000000e+00 1.195999999999999943e+02 9.169869609564831325e-01 4.777715709002781641e-01 5.022390369908474206e+00 1.159468683485036067e+00 2.504187003067565001e+03 2.581894507667259973e+02 3.302224619429755990e+02 9.519861216905367485e+01 8.255561548574389974e+01 4.906209910527010720e+01 2.063890387143597309e+03 2.350241906637749878e+02 2.751853849524797013e+01 3.043073352969975076e+01 2.420144068537909789e+03 2.582288799294252044e+02 2.941166381280510222e+02 9.524035337145933511e+01 7.337616875313594278e+01 4.908159268197948677e+01 2.033496219073406564e+03 2.350382572208134206e+02 1.915504258331628051e+01 3.045932346311169781e+01
4.500000000000000000e+00 1.167000000000000028e+02 2.710223411385844106e+00 1.233610579184484024e+00 7.430721018748026374e+00 1.186282164805755768e+00 4.513914142574024879e+01 5.336731911649518878e+00 nan nan nan nan nan nan nan nan 6.393886273918624852e+00 6.268520756565253649e+00 nan nan nan nan nan nan nan nan
5.000000000000000000e+00 1.167000000000000028e+02 3.475391362230860093e+00 1.518204813603735381e+00 8.171581339705893399e+00 1.186664000375069250e+00 3.174405192916357166e+01 1.210659037538670546e+01 nan nan nan nan nan nan nan nan -8.396696135860889143e+00 1.501411567765429922e+01 nan nan nan nan nan nan nan nan
5.000000000000000000e+00 1.195999999999999943e+02 1.298829194074205606e+00 6.398273366751998648e-01 5.763683680734500214e+00 1.160352104685009600e+00 5.861959571219364307e+02 7.334784248272480056e+01 5.861959571219364307e+01 2.107095704252360591e+01 1.465489892804841077e+01 1.088968333199613703e+01 4.982665635536459376e+02 6.659046629509954585e+01 1.465489892804841077e+01 1.088968333199613703e+01 5.243905093440321252e+02 7.346923368147474775e+01 3.052621035860075338e+01 2.121294088022729341e+01 8.732509583236936379e+00 1.093452224628383895e+01 4.763992798189574387e+02 6.662328595080055038e+01 8.732509583236936379e+00 1.093452224628383895e+01
