# Pressure [bara]	Lifetime [s]	Lifetime Error [s]	N quality events	N Bulk	Bulk Fraction	Bulk Fraction Error	Bulk Lifetime [s]	Bulk Lifetime Error [s]	N Wall	Wall Fraction	Wall Fraction Error	Wall Lifetime [s]	Wall Lifetime Error [s]	N Dome	Dome Fraction	Dome Fraction Error	Dome Lifetime [s]	Dome Lifetime Error [s]	N Bottom	Bottom Fraction	Bottom Fraction Error	Bottom Lifetime [s]	Bottom Lifetime Error [s]
2.250000000000000000e+00 9.918048579716993274e+00 1.538836366222357199e+00 5.000000000000000000e+01 9.000000000000000000e+00 1.799999999999999933e-01 5.416167575267895329e-02 5.510026988731662811e+01 1.865393153624516742e+01 4.000000000000000000e+00 8.000000000000000167e-02 3.887103451293923151e-02 1.239756072464624168e+02 6.323487675784297579e+01 3.500000000000000000e+01 6.999999999999999556e-01 6.428861298335296348e-02 1.416864082816713477e+01 2.554597242827739478e+00 2.000000000000000000e+00 4.000000000000000083e-02 2.888415659344359745e-02 2.479512144929248336e+02 1.831329443182241903e+02
2.500000000000000000e+00 1.086401035931874759e+01 2.468598950515872303e+00 5.300000000000000000e+01 9.000000000000000000e+00 1.698113207547169712e-01 5.145915487492527113e-02 6.397694989376596197e+01 2.423230202808229095e+01 3.000000000000000000e+00 5.660377358490566169e-02 3.250086354896471880e-02 1.919308496812978717e+02 1.185189847953008666e+02 3.900000000000000000e+01 7.358490566037735325e-01 6.015494052727333313e-02 1.476391151394599177e+01 3.565266538330058577e+00 2.000000000000000000e+00 3.773584905660377214e-02 2.730792946418649642e-02 2.878962745219468502e+02 2.183681756171230575e+02
2.750000000000000000e+00 6.930061099260298008e+00 2.518130309340829598e+00 4.000000000000000000e+00 3.000000000000000000e+00 7.500000000000000000e-01 2.000000000000000111e-01 9.240081465680397343e+00 4.164643663458665657e+00 0.000000000000000000e+00 0.000000000000000000e+00 1.000000000000000056e-01 inf inf 1.000000000000000000e+00 2.500000000000000000e-01 2.000000000000000111e-01 2.772024439704119203e+01 2.435650491580060617e+01 0.000000000000000000e+00 0.000000000000000000e+00 1.000000000000000056e-01 inf inf
3.000000000000000000e+00 2.116187629884837662e+01 2.308953470044521339e+00 9.400000000000000000e+01 2.000000000000000000e+01 2.127659574468085124e-01 4.209826369593000495e-02 9.946081860458737367e+01 2.247332661711175561e+01 2.000000000000000000e+00 2.127659574468085055e-02 1.563945152990677684e-02 9.946081860458737083e+02 7.391013047130639961e+02 6.900000000000000000e+01 7.340425531914893664e-01 4.539889540651347033e-02 2.882922278393836635e+01 3.615734459036194615e+00 3.000000000000000000e+00 3.191489361702127409e-02 1.869497190211674709e-02 6.630721240305824722e+02 3.950919963627908373e+02
3.250000000000000000e+00 6.930061099260298008e+00 3.808411955449352959e+00 1.000000000000000000e+00 0.000000000000000000e+00 0.000000000000000000e+00 2.500000000000000000e-01 inf inf 1.000000000000000000e+00 1.000000000000000000e+00 2.500000000000000000e-01 6.930061099260298008e+00 4.183970697779457737e+00 0.000000000000000000e+00 0.000000000000000000e+00 2.500000000000000000e-01 inf inf 0.000000000000000000e+00 0.000000000000000000e+00 2.500000000000000000e-01 inf inf
3.500000000000000000e+00 3.279606961715262514e+01 4.037954517427202461e+00 8.900000000000000000e+01 2.100000000000000000e+01 2.359550561797752743e-01 4.485221799740791299e-02 1.389928664726944589e+02 3.147896630202747659e+01 1.000000000000000000e+00 1.123595505617977497e-02 1.236664193340753122e-02 2.918850195926583638e+03 3.232615973861662042e+03 6.500000000000000000e+01 7.303370786516854007e-01 4.684896916746809220e-02 4.490538762963974762e+01 6.234276191773270526e+00 2.000000000000000000e+00 2.247191011235954994e-02 1.649936841206196478e-02 1.459425097963291819e+03 1.086503606061982509e+03
3.750000000000000000e+00 6.930061099256073831e+00 6.888439110671953358e+00 3.000000000000000000e+00 0.000000000000000000e+00 0.000000000000000000e+00 1.250000000000000000e-01 inf inf 0.000000000000000000e+00 0.000000000000000000e+00 1.250000000000000000e-01 inf inf 2.000000000000000000e+00 6.666666666666666297e-01 2.393567769390845257e-01 1.039509164888411163e+01 1.098604467938289275e+01 1.000000000000000000e+00 3.333333333333333148e-01 2.393567769390845257e-01 2.079018329776822327e+01 2.549362316069666790e+01
4.000000000000000000e+00 7.433388794474744543e+01 1.331908502713693565e+01 1.040000000000000000e+02 2.500000000000000000e+01 2.403846153846153910e-01 4.177510744812584081e-02 3.092289738501493730e+02 7.718730085180834521e+01 6.000000000000000000e+00 5.769230769230769551e-02 2.314079190049390250e-02 1.288454057708955588e+03 5.660289563002340856e+02 6.500000000000000000e+01 6.250000000000000000e-01 4.726055533637907313e-02 1.189342207115959127e+02 2.313051733845235702e+01 8.000000000000000000e+00 7.692307692307692735e-02 2.631505502661071402e-02 9.663405432817166911e+02 3.731809710039582910e+02
4.500000000000000000e+00 8.834427019664283875e+01 2.131228139878970751e+01 8.100000000000000000e+01 2.300000000000000000e+01 2.839506172839506015e-01 4.986468274974850678e-02 3.111254733012204383e+02 9.283660409152554394e+01 5.000000000000000000e+00 6.172839506172839164e-02 2.710873851455630756e-02 1.431177177185614028e+03 7.171043398027474041e+02 4.900000000000000000e+01 6.049382716049382935e-01 5.400115765850725669e-02 1.460384874679197935e+02 3.756511113213444020e+01 4.000000000000000000e+00 4.938271604938271331e-02 2.454968960974720366e-02 1.788971471482017478e+03 9.885371073746641741e+02
5.500000000000000000e+00 6.930061099260298008e+00 3.808411955449352959e+00 1.000000000000000000e+00 0.000000000000000000e+00 0.000000000000000000e+00 2.500000000000000000e-01 inf inf 1.000000000000000000e+00 1.000000000000000000e+00 2.500000000000000000e-01 6.930061099260298008e+00 4.183970697779457737e+00 0.000000000000000000e+00 0.000000000000000000e+00 2.500000000000000000e-01 inf inf 0.000000000000000000e+00 0.000000000000000000e+00 2.500000000000000000e-01 inf inf
