# Pressure [bara]	Lifetime [s]	Lifetime Error [s]	N quality events	N Bulk	Bulk Fraction	Bulk Fraction Error	Bulk Lifetime [s]	Bulk Lifetime Error [s]	N Wall	Wall Fraction	Wall Fraction Error	Wall Lifetime [s]	Wall Lifetime Error [s]	N Dome	Dome Fraction	Dome Fraction Error	Dome Lifetime [s]	Dome Lifetime Error [s]	N Bottom	Bottom Fraction	Bottom Fraction Error	Bottom Lifetime [s]	Bottom Lifetime Error [s]
2.250000000000000000e+00 8.638845360631803416e+00 2.256995634759659808e+00 3.000000000000000000e+01 5.000000000000000000e+00 1.666666666666666574e-01 6.779311942429296078e-02 5.183307216379082405e+01 2.505795881594965024e+01 2.000000000000000000e+00 6.666666666666666574e-02 4.693151148988213700e-02 1.295826804094770637e+02 9.730226796109829479e+01 2.300000000000000000e+01 7.666666666666667185e-01 7.645002493700403523e-02 1.126805916604148194e+01 3.151050063710876703e+00 0.000000000000000000e+00 0.000000000000000000e+00 1.612903225806451568e-02 inf inf
2.500000000000000000e+00 8.813313126969113398e+00 1.579162211939410199e+00 3.300000000000000000e+01 8.000000000000000000e+00 2.424242424242424310e-01 7.388505791113109122e-02 3.635491664874759010e+01 1.285307013363283701e+01 0.000000000000000000e+00 0.000000000000000000e+00 1.470588235294117627e-02 inf inf 2.500000000000000000e+01 7.575757575757575690e-01 7.388505791113109122e-02 1.163357332759922969e+01 2.373275845839236453e+00 0.000000000000000000e+00 0.000000000000000000e+00 1.470588235294117627e-02 inf inf
2.750000000000000000e+00 6.930061099260298008e+00 3.142460138103018163e+00 2.000000000000000000e+00 0.000000000000000000e+00 0.000000000000000000e+00 1.666666666666666574e-01 inf inf 0.000000000000000000e+00 0.000000000000000000e+00 1.666666666666666574e-01 inf inf 2.000000000000000000e+00 1.000000000000000000e+00 1.666666666666666574e-01 6.930061099260298008e+00 3.348000036273199864e+00 0.000000000000000000e+00 0.000000000000000000e+00 1.666666666666666574e-01 inf inf
3.000000000000000000e+00 1.530318403236889147e+01 5.529979415100269691e+00 3.900000000000000000e+01 6.000000000000000000e+00 1.538461538461538547e-01 5.770031995645191758e-02 9.947069621039779008e+01 5.180562358982141546e+01 1.000000000000000000e+00 2.564102564102564014e-02 2.766268893246567884e-02 5.968241772623867973e+02 6.790401753064330705e+02 3.200000000000000000e+01 8.205128205128204844e-01 6.120452262491384021e-02 1.865075553944958742e+01 6.881753517395723385e+00 0.000000000000000000e+00 0.000000000000000000e+00 1.250000000000000069e-02 inf inf
3.250000000000000000e+00 6.930061099260298008e+00 3.142460138103018163e+00 2.000000000000000000e+00 0.000000000000000000e+00 0.000000000000000000e+00 1.666666666666666574e-01 inf inf 0.000000000000000000e+00 0.000000000000000000e+00 1.666666666666666574e-01 inf inf 1.000000000000000000e+00 5.000000000000000000e-01 2.886751345948128655e-01 1.386012219852059602e+01 1.017519297102387021e+01 1.000000000000000000e+00 5.000000000000000000e-01 2.886751345948128655e-01 1.386012219852059602e+01 1.017519297102387021e+01
3.500000000000000000e+00 3.699021988780148007e+01 4.480296903327307234e+00 6.200000000000000000e+01 1.700000000000000000e+01 2.741935483870967527e-01 5.631836776845218495e-02 1.349055078260995231e+02 3.216810650552456963e+01 2.000000000000000000e+00 3.225806451612903136e-02 2.346568591500713258e-02 1.146696816521845903e+03 8.456326097345652215e+02 3.900000000000000000e+01 6.290322580645161255e-01 6.089477671411314130e-02 5.880496494983825073e+01 9.117981819905583762e+00 4.000000000000000000e+00 6.451612903225806273e-02 3.171401355155541862e-02 5.733484082609229517e+02 2.902687221389765568e+02
3.750000000000000000e+00 6.930061099260298008e+00 3.142460138103018163e+00 2.000000000000000000e+00 0.000000000000000000e+00 0.000000000000000000e+00 1.666666666666666574e-01 inf inf 1.000000000000000000e+00 5.000000000000000000e-01 2.886751345948128655e-01 1.386012219852059602e+01 1.017519297102387021e+01 1.000000000000000000e+00 5.000000000000000000e-01 2.886751345948128655e-01 1.386012219852059602e+01 1.017519297102387021e+01 0.000000000000000000e+00 0.000000000000000000e+00 1.666666666666666574e-01 inf inf
4.000000000000000000e+00 6.255968020640463578e+01 9.581212283863770551e+00 5.800000000000000000e+01 1.000000000000000000e+01 1.724137931034482873e-01 4.948996418760367999e-02 3.628461451971468819e+02 1.180499057659718716e+02 5.000000000000000000e+00 8.620689655172414367e-02 3.720702085381540070e-02 7.256922903942937637e+02 3.323446422722254283e+02 3.800000000000000000e+01 6.551724137931034253e-01 6.193622085775180724e-02 9.548582768345970351e+01 1.718548857621746961e+01 5.000000000000000000e+00 8.620689655172414367e-02 3.720702085381540070e-02 7.256922903942937637e+02 3.323446422722254283e+02
4.250000000000000000e+00 6.930061099260298008e+00 3.808411955449352959e+00 0.000000000000000000e+00 0.000000000000000000e+00 nan nan nan nan 0.000000000000000000e+00 nan nan nan nan 0.000000000000000000e+00 nan nan nan nan 0.000000000000000000e+00 nan nan nan nan
4.500000000000000000e+00 9.664146303313147257e+01 3.414858503573113069e+01 4.600000000000000000e+01 1.700000000000000000e+01 3.695652173913043237e-01 7.046181267807055670e-02 2.615004293837675391e+02 1.049950609547859699e+02 3.000000000000000000e+00 6.521739130434782428e-02 3.718445224143659966e-02 1.481835766508015922e+03 9.939825206718751360e+02 2.300000000000000000e+01 5.000000000000000000e-01 7.293249574894726528e-02 1.932829260662629451e+02 7.388748651402603684e+01 3.000000000000000000e+00 6.521739130434782428e-02 3.718445224143659966e-02 1.481835766508015922e+03 9.939825206718751360e+02
