# Pressure [bara]	Lifetime [s]	Lifetime Error [s]	Exponential Fit 2xNLL	N.d.o.f.	Time Cut High [s]	Time Cut Low [s]
2.250000000000000000e+00 9.918050584415645687e+00 1.538836677261686603e+00 1.974595196044177570e+01 1.700000000000000000e+01 4.000000000000000000e+01 6.000000000000000000e+00
2.500000000000000000e+00 1.086401876488266716e+01 2.468600860488855631e+00 1.603000358138838521e+01 1.700000000000000000e+01 4.000000000000000000e+01 6.000000000000000000e+00
2.750000000000000000e+00 5.000000000000000000e+00 4.989989989989989994e+00 0.000000000000000000e+00 1.700000000000000000e+01 4.000000000000000000e+01 6.000000000000000000e+00
3.000000000000000000e+00 3.097613211534133981e+01 2.514678993547730457e+01 1.503679428734823986e+01 1.700000000000000000e+01 4.000000000000000000e+01 6.000000000000000000e+00
3.250000000000000000e+00 5.000000000000000000e+00 4.989989989989989994e+00 0.000000000000000000e+00 1.700000000000000000e+01 4.000000000000000000e+01 6.000000000000000000e+00
3.500000000000000000e+00 2.638141425860198552e+01 1.766683297197670299e+01 2.192478616768271849e+01 1.700000000000000000e+01 4.000000000000000000e+01 6.000000000000000000e+00
3.750000000000000000e+00 5.000000000000000000e+00 4.989989989989989994e+00 0.000000000000000000e+00 1.700000000000000000e+01 4.000000000000000000e+01 6.000000000000000000e+00
4.000000000000000000e+00 9.829834084347629641e+01 6.071078708751238651e+01 1.940201182325391471e+01 1.700000000000000000e+01 4.000000000000000000e+01 6.000000000000000000e+00
4.500000000000000000e+00 2.982023217386880788e+03 2.898442987069730862e+03 1.829727563070412799e+01 1.700000000000000000e+01 4.000000000000000000e+01 6.000000000000000000e+00
5.500000000000000000e+00 5.000000000000000000e+00 4.989989989989989994e+00 0.000000000000000000e+00 1.700000000000000000e+01 4.000000000000000000e+01 6.000000000000000000e+00
