# Pressure [bara]	Temperature [K]	Seitz Threshold [keV]	Eion [keV]	rion [nm]	rho_l [g/cc]	Rate [/hr]	Rate Error [/hr]	Bulk Rate [/hr]	Bulk Rate Error [/hr]	Wall Rate [/hr]	Wall Rate Error [/hr]	Dome Rate [/hr]	Dome Rate Error [/hr]	Bottom Rate [/hr]	Bottom Rate Error [/hr]	BkgSub Rate [/hr]	BkgSub Rate Error [/hr]	BkgSub Bulk Rate [/hr]	BkgSub Bulk Rate Error [/hr]	BkgSub Wall Rate [/hr]	BkgSub Wall Rate Error [/hr]	BkgSub Dome Rate [/hr]	BkgSub Dome Rate Error [/hr]	BkgSub Bottom Rate [/hr]	BkgSub Bottom Rate Error [/hr]
2.000000000000000000e+00 1.167000000000000028e+02 1.040505302598664805e+00 5.535618918214597617e-01 5.105409997002468003e+00 1.184355016219875267e+00 2.747759171712515354e+02 8.554085109135057508e+01 8.742870091812548594e+01 3.817939340842349338e+01 1.248981441687507044e+01 1.367617071680418483e+01 1.623675874193759228e+02 5.787665688393255436e+01 1.248981441687507044e+01 1.367617071680418483e+01 2.148671946172445928e+02 8.576356893974541151e+01 5.821395349981345646e+01 3.836978453309913561e+01 3.984255041923466578e+00 1.380240151513122626e+01 1.516431864683499953e+02 5.791528271243137027e+01 1.025799607157692250e+00 1.385116467248225369e+01
2.250000000000000000e+00 1.167000000000000028e+02 1.126908955214469321e+00 5.919321379387686433e-01 5.270935863430114665e+00 1.184549098774906550e+00 3.847344570183405494e+02 4.325231077613290154e+01 1.560461434060402155e+02 2.357192713135815509e+01 4.035676122570005475e+01 1.087253362938669810e+01 1.641174956511802350e+02 2.432878483461200503e+01 2.421405673542003711e+01 8.330454431714287011e+00 3.251274485687611104e+02 4.335397665894294050e+01 1.276663734595047686e+02 2.364404011119939852e+01 2.982112756661833686e+01 1.092290883680964164e+01 1.533920307549979327e+02 2.435178181822475807e+01 1.424791678764003144e+01 8.392266525590921233e+00
2.500000000000000000e+00 1.167000000000000028e+02 1.224018040650277639e+00 6.344604200155126161e-01 5.447412392299349371e+00 1.184742874129172785e+00 2.713308867233128581e+02 3.326555129159300606e+01 1.028023856529322018e+02 1.630460434301440387e+01 1.516756509633425942e+01 5.291033028351873391e+00 1.280816608134892931e+02 1.896952735483956687e+01 2.527927516055709845e+01 6.961674162278520761e+00 2.122925618963525096e+02 3.340155235524723309e+01 7.613991637624043562e+01 1.640586611130840566e+01 5.244315252753489531e+00 5.392434793926450531e+00 1.170558276539551059e+02 1.900151138753210134e+01 1.385250261340348388e+01 7.051780702674141033e+00
2.750000000000000000e+00 1.167000000000000028e+02 1.333610081481736875e+00 6.817682425086102338e-01 5.635963154708735878e+00 1.184936343522541957e+00 2.593205730517477718e+02 6.411629784162332157e+01 2.593205730517477718e+02 6.766013459090522986e+01 0.000000000000000000e+00 2.161004775431231550e+01 0.000000000000000000e+00 2.161004775431231550e+01 0.000000000000000000e+00 2.161004775431231550e+01 1.862496039502071596e+02 6.543944500806911435e+01 2.364858952075163359e+02 6.828441920291699319e+01 -3.653548455077030610e+01 2.425633089356414729e+01 -4.566935568846288263e+00 2.212697939234746514e+01 -9.133871137692576525e+00 2.250829303545031124e+01
3.000000000000000000e+00 1.167000000000000028e+02 1.457836740123748864e+00 7.345972349339885410e-01 5.837870935265596195e+00 1.185129508186626213e+00 1.568313687738832130e+02 8.964290404004850998e+00 6.360383289163041098e+01 6.781155158311466202e+00 1.306928073115693323e+01 3.326990961220312126e+00 7.057411594824745293e+01 7.064505119687344958e+00 9.584139202848417582e+00 2.870821402308059600e+00 1.038552790599410258e+02 9.345892108210383853e+00 3.788552609033197882e+01 6.987639422719215787e+00 5.553015011059152961e+00 3.434189135065646159e+00 6.006945542377344793e+01 7.137510201123706821e+00 3.472825347764469939e-01 3.023961364012057729e+00
3.500000000000000000e+00 1.167000000000000028e+02 1.761279285559721020e+00 8.605671271104086140e-01 6.287866300841336020e+00 1.185514928212589636e+00 9.547903145738939656e+01 6.648284041511925757e+00 4.203927504467144871e+01 5.021125837271600112e+00 1.425060171005811682e+01 3.101714495001543170e+00 3.063879367662495312e+01 4.391265648379918396e+00 8.550361026034870804e+00 2.438123694228925498e+00 4.793996237317242759e+01 7.397797540538858740e+00 2.002233291119769021e+01 5.362985235991423849e+00 5.378102641344812085e+00 3.282861906968711718e+00 2.121860948021329563e+01 4.530250744135710050e+00 1.320917340416621677e+00 2.619023442060210982e+00
4.000000000000000000e+00 1.167000000000000028e+02 2.163539775039333257e+00 1.022034697837291395e+00 6.812136423865882584e+00 1.185899143897797936e+00 5.454374565987661327e+01 4.811936048124082710e+00 2.196392442679595192e+01 2.920007211571046923e+00 1.098196221339797596e+01 2.034637352839078428e+00 1.464261628453063402e+01 2.360268857376263352e+00 6.955242735152052269e+00 1.612901275145347979e+00 1.819608824162326499e+01 5.450051143004577270e+00 5.653176803904699455e+00 3.236666989609895850e+00 4.302992281610610092e+00 2.178046524286054275e+00 7.541816672840908176e+00 2.494425785556992459e+00 6.981024832670463809e-01 1.777501854296341222e+00
4.000000000000000000e+00 1.195999999999999943e+02 9.169869609564831325e-01 4.777715709002781641e-01 5.022390369908474206e+00 1.159468683485036067e+00 2.504187003067565001e+03 2.581894507667259973e+02 6.829600917456995148e+02 1.809940172725993648e+02 1.707400229364248787e+02 9.869628608702940653e+01 1.593573547406632315e+03 2.435162795269872049e+02 5.691334097880830001e+01 6.192745792345187539e+01 2.420144068537909789e+03 2.582288799294252044e+02 6.373294187035248797e+02 1.810254044688401507e+02 1.591390043663804761e+02 9.871131420507161636e+01 1.577332121408570174e+03 2.435247679674853032e+02 4.634352405943451458e+01 6.194930413322324370e+01
4.500000000000000000e+00 1.167000000000000028e+02 2.710223411385844106e+00 1.233610579184484024e+00 7.430721018748026374e+00 1.186282164805755768e+00 4.513914142574024879e+01 5.336731911649518878e+00 2.238304533507781002e+01 3.343349015987455264e+00 7.087964356107972819e+00 1.711445529724811676e+00 1.044542115636964397e+01 2.122588589953714244e+00 5.222710578184821983e+00 1.452679214498349358e+00 6.393886273918624852e+00 6.268520756565253649e+00 3.563921404193020948e+00 3.823589932262415392e+00 9.994242608217174251e-01 1.915556479806138190e+00 1.866114658466285547e+00 2.377177529021657243e+00 -3.557404956239818006e-02 1.651914766749150720e+00
5.000000000000000000e+00 1.167000000000000028e+02 3.475391362230860093e+00 1.518204813603735381e+00 8.171581339705893399e+00 1.186664000375069250e+00 3.174405192916357166e+01 1.210659037538670546e+01 9.290942028047874501e+00 4.188925785431228732e+00 6.193961352031916334e+00 3.066167659604802420e+00 1.006518719705186449e+01 4.466522443046331503e+00 6.193961352031916334e+00 3.066167659604802420e+00 -8.396696135860889143e+00 1.501411567765429922e+01 -9.235557078886492022e+00 6.357058711276263985e+00 -5.990883205106847242e-01 3.890048033313895370e+00 3.889687494740408980e+00 5.003856660364737863e+00 -2.451738231204121377e+00 4.149113352848588399e+00
5.000000000000000000e+00 1.195999999999999943e+02 1.298829194074205606e+00 6.398273366751998648e-01 5.763683680734500214e+00 1.160352104685009600e+00 5.861959571219364307e+02 7.334784248272480056e+01 1.421081108174391261e+02 4.681909617599927742e+01 3.552702770435978152e+01 2.554509259945925237e+01 3.730337908957777131e+02 6.725245924431655453e+01 3.552702770435978152e+01 2.554509259945925237e+01 5.243905093440321252e+02 7.346923368147474775e+01 1.086753393586312058e+02 4.690424672449277921e+01 2.847903804547595286e+01 2.557173272021758592e+01 3.587570938944489285e+02 6.727425125505691028e+01 2.847903804547595286e+01 2.557173272021758592e+01
