# Pressure [bara]	Lifetime [s]	Lifetime Error [s]	Exponential Fit 2xNLL	N.d.o.f.	Time Cut High [s]	Time Cut Low [s]	N events	Seitz Threshold [keV]	Eion [keV]	rion [nm]	pho_l [g/cc]
2.250000000000000000e+00 9.918048579716993274e+00 1.538836366222357199e+00 1.974595196044052869e+01 1.700000000000000000e+01 4.000000000000000000e+01 6.000000000000000000e+00 5.300000000000000000e+01 1.126908955214469321e+00 5.919321379387686433e-01 5.270935863430114665e+00 1.184549098774906550e+00
2.500000000000000000e+00 1.086401035931874759e+01 2.468598950515872303e+00 1.603000358137211023e+01 1.700000000000000000e+01 4.000000000000000000e+01 6.000000000000000000e+00 5.300000000000000000e+01 1.224018040650277639e+00 6.344604200155126161e-01 5.447412392299349371e+00 1.184742874129172785e+00
2.750000000000000000e+00 6.930061099260298008e+00 2.518130309340829598e+00 8.411309727861131513e-01 9.000000000000000000e+00 1.800000000000000000e+02 0.000000000000000000e+00 4.000000000000000000e+00 1.333610081481736875e+00 6.817682425086102338e-01 5.635963154708735878e+00 1.184936343522541957e+00
3.000000000000000000e+00 2.116187629884837662e+01 2.308953470044521339e+00 8.077585951088030569e+00 9.000000000000000000e+00 1.800000000000000000e+02 0.000000000000000000e+00 1.030000000000000000e+02 1.457836740123748864e+00 7.345972349339885410e-01 5.837870935265596195e+00 1.185129508186626213e+00
3.250000000000000000e+00 6.930061099260298008e+00 3.808411955449352959e+00 2.102827431965282878e-01 9.000000000000000000e+00 1.800000000000000000e+02 0.000000000000000000e+00 1.000000000000000000e+00 1.599320184065657902e+00 7.938379571795266543e-01 6.054606853095169328e+00 1.185322369344864235e+00
3.500000000000000000e+00 3.279606961715262514e+01 4.037954517427202461e+00 6.395706503013531830e+00 9.000000000000000000e+00 1.800000000000000000e+02 0.000000000000000000e+00 9.200000000000000000e+01 1.761279285559721020e+00 8.605671271104086140e-01 6.287866300841336020e+00 1.185514928212589636e+00
3.750000000000000000e+00 6.930061099256073831e+00 6.888439110671953358e+00 6.308482295895847525e-01 9.000000000000000000e+00 1.800000000000000000e+02 0.000000000000000000e+00 3.000000000000000000e+00 1.947696371612406496e+00 9.360961134073750856e-01 6.539613415304215138e+00 1.185707185997114221e+00
4.000000000000000000e+00 7.433388794474744543e+01 1.331908502713693565e+01 4.738516575304055678e+00 9.000000000000000000e+00 1.800000000000000000e+02 0.000000000000000000e+00 1.160000000000000000e+02 2.163539775039333257e+00 1.022034697837291395e+00 6.812136423865882584e+00 1.185899143897797936e+00
4.500000000000000000e+00 8.834427019664283875e+01 2.131228139878970751e+01 6.531380367210105398e+00 9.000000000000000000e+00 1.800000000000000000e+02 0.000000000000000000e+00 9.200000000000000000e+01 2.710223411385844106e+00 1.233610579184484024e+00 7.430721018748026374e+00 1.186282164805755768e+00
5.500000000000000000e+00 6.930061099260298008e+00 3.808411955449352959e+00 2.102827431965282878e-01 9.000000000000000000e+00 1.800000000000000000e+02 0.000000000000000000e+00 1.000000000000000000e+00 4.584993543986768394e+00 1.913341014000929707e+00 9.074943420322417964e+00 1.187044659921723699e+00
