# Pressure [bara]	Lifetime [s]	Lifetime Error [s]	N quality events	N Bulk	Bulk Fraction	Bulk Fraction Error	Bulk Lifetime [s]	Bulk Lifetime Error [s]	N Wall	Wall Fraction	Wall Fraction Error	Wall Lifetime [s]	Wall Lifetime Error [s]	N Dome	Dome Fraction	Dome Fraction Error	Dome Lifetime [s]	Dome Lifetime Error [s]	N Bottom	Bottom Fraction	Bottom Fraction Error	Bottom Lifetime [s]	Bottom Lifetime Error [s]
2.000000000000000000e+00 6.930061099256073831e+00 2.642996275091656244e+00 1.200000000000000000e+01 2.000000000000000000e+00 1.666666666666666574e-01 1.064951777297189206e-01 4.158036659553644654e+01 3.094137490319085870e+01 0.000000000000000000e+00 0.000000000000000000e+00 3.846153846153846367e-02 inf inf 1.000000000000000000e+01 8.333333333333333703e-01 1.064951777297189067e-01 8.316073319107287531e+00 3.344913656253146961e+00 0.000000000000000000e+00 0.000000000000000000e+00 3.846153846153846367e-02 inf inf
2.250000000000000000e+00 6.930061099260298008e+00 1.491454590931896362e+00 1.600000000000000000e+01 5.000000000000000000e+00 3.125000000000000000e-01 1.129580257039501101e-01 2.217619551763295505e+01 9.329170647013821593e+00 0.000000000000000000e+00 0.000000000000000000e+00 2.941176470588235253e-02 inf inf 1.000000000000000000e+01 6.250000000000000000e-01 1.176470588235294101e-01 1.108809775881647752e+01 3.170306359674770480e+00 1.000000000000000000e+00 6.250000000000000000e-02 6.410145505206873984e-02 1.108809775881647681e+02 1.161988579175941823e+02
2.500000000000000000e+00 6.930061099224497312e+00 1.657942545259915690e+00 2.600000000000000000e+01 7.000000000000000000e+00 2.692307692307692180e-01 8.578999957215698025e-02 2.574022693997670430e+01 1.025651390919615480e+01 1.000000000000000000e+00 3.846153846153846367e-02 4.076663253918570706e-02 1.801815885798369266e+02 1.957847042349935123e+02 1.800000000000000000e+01 6.923076923076922906e-01 8.910822890617328684e-02 1.001008825443538441e+01 2.719395987183224950e+00 0.000000000000000000e+00 0.000000000000000000e+00 1.851851851851851749e-02 inf inf
2.750000000000000000e+00 6.930061099264320568e+00 1.824430499606122247e+00 2.000000000000000000e+01 6.000000000000000000e+00 2.999999999999999889e-01 1.004524909987094539e-01 2.310020366421440130e+01 9.839343696851088339e+00 2.000000000000000000e+00 1.000000000000000056e-01 6.818010030131596566e-02 6.930061099264320035e+01 5.064922536767954853e+01 1.200000000000000000e+01 5.999999999999999778e-01 1.070105002583058573e-01 1.155010183210720065e+01 3.672797369032038795e+00 0.000000000000000000e+00 0.000000000000000000e+00 2.380952380952380820e-02 inf inf
3.000000000000000000e+00 6.930061099222078802e+00 1.394336617561198644e+00 3.500000000000000000e+01 9.000000000000000000e+00 2.571428571428571175e-01 7.315484531661632650e-02 2.695023760808586388e+01 9.390798190242453103e+00 1.000000000000000000e+00 2.857142857142857054e-02 3.069951656720863731e-02 2.425521384727727536e+02 2.651479658272072584e+02 2.500000000000000000e+01 7.142857142857143016e-01 7.552724726458048821e-02 9.702085538910910856e+00 2.205224048040427487e+00 0.000000000000000000e+00 0.000000000000000000e+00 1.388888888888888985e-02 inf inf
3.250000000000000000e+00 6.930061099213791209e+00 1.283344648002554322e+00 3.900000000000000000e+01 1.100000000000000000e+01 2.820512820512820484e-01 7.135928416048914480e-02 2.457021662448525845e+01 7.703580253183262450e+00 0.000000000000000000e+00 0.000000000000000000e+00 1.250000000000000069e-02 inf inf 2.700000000000000000e+01 6.923076923076922906e-01 7.313383411464007000e-02 1.001008825441992123e+01 2.134119105220601664e+00 1.000000000000000000e+00 2.564102564102564014e-02 2.766268893246567884e-02 2.702723828693378891e+02 2.958464024397292746e+02
3.500000000000000000e+00 6.930061099250316659e+00 1.380462621372185339e+00 3.600000000000000000e+01 9.000000000000000000e+00 2.500000000000000000e-01 7.150679219093487859e-02 2.772024439700126663e+01 9.662080453917379685e+00 0.000000000000000000e+00 0.000000000000000000e+00 1.351351351351351426e-02 inf inf 2.600000000000000000e+01 7.222222222222222099e-01 7.387936696782310131e-02 9.595469214346591613e+00 2.148710045652867162e+00 1.000000000000000000e+00 2.777777777777777624e-02 2.987950261581441558e-02 2.494821995730113997e+02 2.729213554571522309e+02
3.750000000000000000e+00 6.930061099256073831e+00 1.741186522435709705e+00 2.400000000000000000e+01 4.000000000000000000e+00 1.666666666666666574e-01 7.571877794400365402e-02 4.158036659553644654e+01 2.158686655187517189e+01 0.000000000000000000e+00 0.000000000000000000e+00 1.999999999999999695e-02 inf inf 2.000000000000000000e+01 8.333333333333333703e-01 7.571877794400364015e-02 8.316073319107287531e+00 2.221857948523704440e+00 0.000000000000000000e+00 0.000000000000000000e+00 1.999999999999999695e-02 inf inf
4.000000000000000000e+00 1.829962046813438992e+00 1.826298459132130736e+00 2.000000000000000000e+00 1.000000000000000000e+00 5.000000000000000000e-01 2.886751345948128655e-01 3.659924093626877983e+00 4.219772391691731350e+00 0.000000000000000000e+00 0.000000000000000000e+00 1.666666666666666574e-01 inf inf 1.000000000000000000e+00 5.000000000000000000e-01 2.886751345948128655e-01 3.659924093626877983e+00 4.219772391691731350e+00 0.000000000000000000e+00 0.000000000000000000e+00 1.666666666666666574e-01 inf inf
4.250000000000000000e+00 6.930061099250316659e+00 2.060288434912257216e+00 1.700000000000000000e+01 3.000000000000000000e+00 1.764705882352941291e-01 9.163447642359445755e-02 3.927034622908512773e+01 2.349728104244557159e+01 1.000000000000000000e+00 5.882352941176470507e-02 6.063390625908324227e-02 1.178110386872553903e+02 1.263869049647953204e+02 1.300000000000000000e+01 7.647058823529411242e-01 1.010565104318053992e-01 9.062387591327338399e+00 2.948404629228413398e+00 0.000000000000000000e+00 0.000000000000000000e+00 2.777777777777777624e-02 inf inf
4.500000000000000000e+00 6.930061099256073831e+00 1.741186522435709705e+00 2.300000000000000000e+01 2.000000000000000000e+00 8.695652173913043237e-02 6.003596949204902805e-02 7.969570264144485350e+01 5.855319791070661495e+01 0.000000000000000000e+00 0.000000000000000000e+00 2.083333333333333218e-02 inf inf 2.000000000000000000e+01 8.695652173913043237e-01 7.044865708460421039e-02 7.969570264144484995e+00 2.103887702713489460e+00 1.000000000000000000e+00 4.347826086956521618e-02 4.576740977050645226e-02 1.593914052828897070e+02 1.724965651172286130e+02
4.750000000000000000e+00 6.930061099281861203e+00 2.407138339790597215e+00 1.200000000000000000e+01 1.000000000000000000e+00 8.333333333333332871e-02 8.308641921035718469e-02 8.316073319138233444e+01 8.780186533679521688e+01 0.000000000000000000e+00 0.000000000000000000e+00 3.846153846153846367e-02 inf inf 1.100000000000000000e+01 9.166666666666666297e-01 8.308641921035719857e-02 7.560066653762031130e+00 2.713903250125182520e+00 0.000000000000000000e+00 0.000000000000000000e+00 3.846153846153846367e-02 inf inf
5.000000000000000000e+00 5.374399097673031811e+00 1.145892900705060669e+00 3.200000000000000000e+01 6.000000000000000000e+00 1.875000000000000000e-01 6.860140256164710959e-02 2.866346185425616966e+01 1.213801211622985932e+01 1.000000000000000000e+00 3.125000000000000000e-02 3.345363964518124206e-02 1.719807711255370180e+02 1.877243488031659240e+02 2.400000000000000000e+01 7.500000000000000000e-01 7.575757575757575968e-02 7.165865463564042415e+00 1.690641877899345502e+00 1.000000000000000000e+00 3.125000000000000000e-02 3.345363964518124206e-02 1.719807711255370180e+02 1.877243488031659240e+02
5.250000000000000000e+00 6.930061099260298008e+00 3.142460138103018163e+00 2.000000000000000000e+00 0.000000000000000000e+00 0.000000000000000000e+00 1.666666666666666574e-01 inf inf 0.000000000000000000e+00 0.000000000000000000e+00 1.666666666666666574e-01 inf inf 2.000000000000000000e+00 1.000000000000000000e+00 1.666666666666666574e-01 6.930061099260298008e+00 3.348000036273199864e+00 0.000000000000000000e+00 0.000000000000000000e+00 1.666666666666666574e-01 inf inf
5.500000000000000000e+00 6.930061099260298008e+00 3.142460138103018163e+00 2.000000000000000000e+00 1.000000000000000000e+00 5.000000000000000000e-01 2.886751345948128655e-01 1.386012219852059602e+01 1.017519297102387021e+01 0.000000000000000000e+00 0.000000000000000000e+00 1.666666666666666574e-01 inf inf 1.000000000000000000e+00 5.000000000000000000e-01 2.886751345948128655e-01 1.386012219852059602e+01 1.017519297102387021e+01 0.000000000000000000e+00 0.000000000000000000e+00 1.666666666666666574e-01 inf inf
5.750000000000000000e+00 6.930061099260298008e+00 3.808411955449352959e+00 1.000000000000000000e+00 0.000000000000000000e+00 0.000000000000000000e+00 2.500000000000000000e-01 inf inf 0.000000000000000000e+00 0.000000000000000000e+00 2.500000000000000000e-01 inf inf 1.000000000000000000e+00 1.000000000000000000e+00 2.500000000000000000e-01 6.930061099260298008e+00 4.183970697779457737e+00 0.000000000000000000e+00 0.000000000000000000e+00 2.500000000000000000e-01 inf inf
6.000000000000000000e+00 6.930061099260298008e+00 3.808411955449352959e+00 1.000000000000000000e+00 0.000000000000000000e+00 0.000000000000000000e+00 2.500000000000000000e-01 inf inf 0.000000000000000000e+00 0.000000000000000000e+00 2.500000000000000000e-01 inf inf 1.000000000000000000e+00 1.000000000000000000e+00 2.500000000000000000e-01 6.930061099260298008e+00 4.183970697779457737e+00 0.000000000000000000e+00 0.000000000000000000e+00 2.500000000000000000e-01 inf inf
