# Pressure [bara]	Lifetime [s]	Lifetime Error [s]	Exponential Fit 2xNLL	N.d.o.f.	Time Cut High [s]	Time Cut Low [s]
2.000000000000000000e+00 6.135997650603134623e+00 2.512135174270953009e+00 1.610275612308199378e+00 9.000000000000000000e+00 1.800000000000000000e+02 0.000000000000000000e+00
2.250000000000000000e+00 6.135999018135838590e+00 2.094470135319640214e+00 2.147034149744735387e+00 9.000000000000000000e+00 1.800000000000000000e+02 0.000000000000000000e+00
2.500000000000000000e+00 6.135997188905243149e+00 1.566245528699536038e+00 3.488930493334654770e+00 9.000000000000000000e+00 1.800000000000000000e+02 0.000000000000000000e+00
2.750000000000000000e+00 6.135996100286024379e+00 1.725940845025398573e+00 2.952171955899842715e+00 9.000000000000000000e+00 1.800000000000000000e+02 0.000000000000000000e+00
3.000000000000000000e+00 6.136000267783320972e+00 1.308276333371217959e+00 4.696637202570114411e+00 9.000000000000000000e+00 1.800000000000000000e+02 0.000000000000000000e+00
3.250000000000000000e+00 6.135998263703013933e+00 9.151789202119609001e-01 5.501775008719782534e+00 9.000000000000000000e+00 1.800000000000000000e+02 0.000000000000000000e+00
3.500000000000000000e+00 6.136000701339928476e+00 1.295992140122847580e+00 4.830826836931096935e+00 9.000000000000000000e+00 1.800000000000000000e+02 0.000000000000000000e+00
3.750000000000000000e+00 6.135989060324146038e+00 1.639949028134681797e+00 3.220551224657819844e+00 9.000000000000000000e+00 1.800000000000000000e+02 0.000000000000000000e+00
4.000000000000000000e+00 6.135997117290695080e+00 6.326403434243657031e-01 1.247963599538952906e+01 9.000000000000000000e+00 1.800000000000000000e+02 0.000000000000000000e+00
4.250000000000000000e+00 6.135997649448712288e+00 1.947058313188430922e+00 2.415413418462297734e+00 9.000000000000000000e+00 1.800000000000000000e+02 0.000000000000000000e+00
4.500000000000000000e+00 6.135989060324146038e+00 1.639949028134681797e+00 3.220551224657819844e+00 9.000000000000000000e+00 1.800000000000000000e+02 0.000000000000000000e+00
4.750000000000000000e+00 6.136000140982011963e+00 2.278734787091416969e+00 1.878654881027861379e+00 9.000000000000000000e+00 1.800000000000000000e+02 0.000000000000000000e+00
5.000000000000000000e+00 6.434404259650317037e+00 8.695140891419343987e-01 6.459042186133803654e+00 9.000000000000000000e+00 1.800000000000000000e+02 0.000000000000000000e+00
5.250000000000000000e+00 6.135993247366142711e+00 2.819240140681741114e+00 2.683792687189776593e-01 9.000000000000000000e+00 1.800000000000000000e+02 0.000000000000000000e+00
5.500000000000000000e+00 6.135993247366142711e+00 2.819240140681741114e+00 2.683792687189776593e-01 9.000000000000000000e+00 1.800000000000000000e+02 0.000000000000000000e+00
5.750000000000000000e+00 6.135989335949810553e+00 3.384314438546892401e+00 1.341896343606358566e-01 9.000000000000000000e+00 1.800000000000000000e+02 0.000000000000000000e+00
6.000000000000000000e+00 6.135989335949810553e+00 3.384314438546892401e+00 1.341896343606358566e-01 9.000000000000000000e+00 1.800000000000000000e+02 0.000000000000000000e+00
