# Pressure [bara]	Lifetime [s]	Lifetime Error [s]	N quality events	N Bulk	Bulk Fraction	Bulk Fraction Error	Bulk Lifetime [s]	Bulk Lifetime Error [s]	N Wall	Wall Fraction	Wall Fraction Error	Wall Lifetime [s]	Wall Lifetime Error [s]	N Dome	Dome Fraction	Dome Fraction Error	Dome Lifetime [s]	Dome Lifetime Error [s]	N Bottom	Bottom Fraction	Bottom Fraction Error	Bottom Lifetime [s]	Bottom Lifetime Error [s]
1.500000000000000000e+00 3.663752952594266254e+00 3.656418111848331876e+00 8.000000000000000000e+00 2.000000000000000000e+00 2.500000000000000000e-01 1.469861839480328114e-01 1.465501181037706502e+01 1.697502750053512344e+01 0.000000000000000000e+00 0.000000000000000000e+00 5.555555555555555247e-02 inf inf 6.000000000000000000e+00 7.500000000000000000e-01 1.469861839480328114e-01 4.885003936792355006e+00 4.968336675426517246e+00 0.000000000000000000e+00 0.000000000000000000e+00 5.555555555555555247e-02 inf inf
1.750000000000000000e+00 9.142267454870280474e+00 4.731283557725660671e+00 1.200000000000000000e+01 6.000000000000000000e+00 5.000000000000000000e-01 1.386750490563072868e-01 1.828453490974056095e+01 1.073580103511678630e+01 0.000000000000000000e+00 0.000000000000000000e+00 3.846153846153846367e-02 inf inf 6.000000000000000000e+00 5.000000000000000000e-01 1.386750490563072868e-01 1.828453490974056095e+01 1.073580103511678630e+01 0.000000000000000000e+00 0.000000000000000000e+00 3.846153846153846367e-02 inf inf
2.000000000000000000e+00 1.310158487345284151e+01 4.078671567211044291e+00 1.100000000000000000e+01 2.000000000000000000e+00 1.818181818181818232e-01 1.144541282555918832e-01 7.205871680399062029e+01 5.060462070658794431e+01 0.000000000000000000e+00 0.000000000000000000e+00 4.166666666666667129e-02 inf inf 9.000000000000000000e+00 8.181818181818182323e-01 1.144541282555918693e-01 1.601304817866458308e+01 5.465201759907087897e+00 0.000000000000000000e+00 0.000000000000000000e+00 4.166666666666667129e-02 inf inf
2.250000000000000000e+00 1.038080933170145137e+01 3.522616980427219602e+00 2.500000000000000000e+01 7.000000000000000000e+00 2.800000000000000266e-01 8.846153846153845257e-02 3.707431904179089344e+01 1.718927608241054728e+01 1.000000000000000000e+00 4.000000000000000083e-02 4.230769230769230310e-02 2.595202332925362612e+02 2.882736225176601579e+02 1.600000000000000000e+01 6.400000000000000133e-01 9.428962055485586025e-02 1.622001458078351632e+01 6.000453795150355596e+00 1.000000000000000000e+00 4.000000000000000083e-02 4.230769230769230310e-02 2.595202332925362612e+02 2.882736225176601579e+02
2.500000000000000000e+00 1.714235405022454017e+01 1.295543274066018569e+01 1.800000000000000000e+01 2.000000000000000000e+00 1.111111111111111049e-01 7.494740127471517799e-02 1.542811864520208758e+02 1.562856167552967293e+02 0.000000000000000000e+00 0.000000000000000000e+00 2.631578947368420907e-02 inf inf 1.500000000000000000e+01 8.333333333333333703e-01 8.727959974619471650e-02 2.057082486026944679e+01 1.569509844346324989e+01 1.000000000000000000e+00 5.555555555555555247e-02 5.752139056405263656e-02 3.085623729040417516e+02 3.955366354570689396e+02
2.750000000000000000e+00 6.930061099256073831e+00 6.888439110671953358e+00 3.000000000000000000e+00 2.000000000000000000e+00 6.666666666666666297e-01 2.393567769390845257e-01 1.039509164888411163e+01 1.098604467938289275e+01 0.000000000000000000e+00 0.000000000000000000e+00 1.250000000000000000e-01 inf inf 1.000000000000000000e+00 3.333333333333333148e-01 2.393567769390845257e-01 2.079018329776822327e+01 2.549362316069666790e+01 0.000000000000000000e+00 0.000000000000000000e+00 1.250000000000000000e-01 inf inf
3.000000000000000000e+00 2.556604286831018769e+01 3.710787002907885324e+00 3.800000000000000000e+01 1.000000000000000000e+01 2.631578947368420907e-01 7.077304454900018582e-02 9.715096289957871534e+01 2.968983802703051467e+01 3.000000000000000000e+00 7.894736842105262720e-02 4.450884638067605092e-02 3.238365429985957462e+02 1.885255979337443648e+02 2.300000000000000000e+01 6.052631578947368363e-01 7.831621940887498190e-02 4.223954908677335141e+01 8.213328708085102292e+00 2.000000000000000000e+00 5.263157894736841813e-02 3.755107713353987575e-02 4.857548144978936193e+02 3.536706110188613366e+02
3.250000000000000000e+00 6.930061099260298008e+00 3.808411955449352959e+00 1.000000000000000000e+00 0.000000000000000000e+00 0.000000000000000000e+00 2.500000000000000000e-01 inf inf 0.000000000000000000e+00 0.000000000000000000e+00 2.500000000000000000e-01 inf inf 1.000000000000000000e+00 1.000000000000000000e+00 2.500000000000000000e-01 6.930061099260298008e+00 4.183970697779457737e+00 0.000000000000000000e+00 0.000000000000000000e+00 2.500000000000000000e-01 inf inf
3.750000000000000000e+00 6.930061099260298008e+00 3.808411955449352959e+00 1.000000000000000000e+00 1.000000000000000000e+00 1.000000000000000000e+00 2.500000000000000000e-01 6.930061099260298008e+00 4.183970697779457737e+00 0.000000000000000000e+00 0.000000000000000000e+00 2.500000000000000000e-01 inf inf 0.000000000000000000e+00 0.000000000000000000e+00 2.500000000000000000e-01 inf inf 0.000000000000000000e+00 0.000000000000000000e+00 2.500000000000000000e-01 inf inf
4.000000000000000000e+00 6.930061099260298008e+00 3.808411955449352959e+00 1.000000000000000000e+00 0.000000000000000000e+00 0.000000000000000000e+00 2.500000000000000000e-01 inf inf 1.000000000000000000e+00 1.000000000000000000e+00 2.500000000000000000e-01 6.930061099260298008e+00 4.183970697779457737e+00 0.000000000000000000e+00 0.000000000000000000e+00 2.500000000000000000e-01 inf inf 0.000000000000000000e+00 0.000000000000000000e+00 2.500000000000000000e-01 inf inf
